2025 01 15 07 01 00	1023.69	
2025 01 15 07 02 00	1023.62	
2025 01 15 07 03 00	1023.60	
2025 01 15 07 04 00	1023.48	
2025 01 15 07 05 00	1023.53	
2025 01 15 07 06 00	1023.50	
2025 01 15 07 07 00	1023.50	
2025 01 15 07 08 00	1023.50	
2025 01 15 07 09 00	1023.49	
2025 01 15 07 10 00	1023.41	
2025 01 15 07 11 00	1023.50	
2025 01 15 07 12 00	1023.56	
2025 01 15 07 13 00	1023.58	
2025 01 15 07 14 00	1023.53	
2025 01 15 07 15 00	1023.64	
2025 01 15 07 16 00	1023.39	
2025 01 15 07 17 00	1023.51	
2025 01 15 07 18 00	1023.56	
2025 01 15 07 19 00	1023.59	
2025 01 15 07 20 00	1023.51	
2025 01 15 07 21 00	1023.53	
2025 01 15 07 22 00	1023.71	
2025 01 15 07 23 00	1023.61	
2025 01 15 07 24 00	1023.71	
2025 01 15 07 25 00	1023.59	
2025 01 15 07 26 00	1023.58	
2025 01 15 07 27 00	1023.56	
2025 01 15 07 28 00	1023.44	
2025 01 15 07 29 00	1023.49	
2025 01 15 07 30 00	1023.44	
2025 01 15 07 31 00	1023.40	
2025 01 15 07 32 00	1023.47	
2025 01 15 07 33 00	1023.56	
2025 01 15 07 34 00	1023.60	
2025 01 15 07 35 00	1023.54	
2025 01 15 07 36 00	1023.57	
2025 01 15 07 37 00	1023.72	
2025 01 15 07 38 00	1023.76	
2025 01 15 07 39 00	1023.68	
2025 01 15 07 40 00	1023.74	
2025 01 15 07 41 00	1023.80	
2025 01 15 07 42 00	1023.76	
2025 01 15 07 43 00	1023.65	
2025 01 15 07 44 00	1023.72	
2025 01 15 07 45 00	1023.85	
2025 01 15 07 46 00	1023.87	
2025 01 15 07 47 00	1023.88	
2025 01 15 07 48 00	1023.98	
2025 01 15 07 49 00	1023.97	
2025 01 15 07 50 00	1023.93	
2025 01 15 07 51 00	1024.27	
2025 01 15 07 52 00	1024.29	
2025 01 15 07 53 00	1024.18	
2025 01 15 07 54 00	1024.18	
2025 01 15 07 55 00	1024.36	
2025 01 15 07 56 00	1024.29	
2025 01 15 07 57 00	1024.32	
2025 01 15 07 58 00	1024.36	
2025 01 15 07 59 00	1024.32	
2025 01 15 08 00 00	1024.36	
2025 01 15 08 01 00	1024.12	
2025 01 15 08 02 00	1024.33	
2025 01 15 08 03 00	1024.14	
2025 01 15 08 04 00	1024.31	
2025 01 15 08 05 00	1024.25	
2025 01 15 08 06 00	1024.28	
2025 01 15 08 07 00	1024.24	
2025 01 15 08 08 00	1024.22	
2025 01 15 08 09 00	1024.23	
2025 01 15 08 10 00	1024.24	
2025 01 15 08 11 00	1024.19	
2025 01 15 08 12 00	1024.25	
2025 01 15 08 13 00	1024.22	
2025 01 15 08 14 00	1024.27	
2025 01 15 08 15 00	1024.26	
2025 01 15 08 16 00	1024.31	
2025 01 15 08 17 00	1024.29	
2025 01 15 08 18 00	1024.45	
2025 01 15 08 19 00	1024.42	
2025 01 15 08 20 00	1024.41	
2025 01 15 08 21 00	1024.46	
2025 01 15 08 22 00	1024.53	
2025 01 15 08 23 00	1024.66	
2025 01 15 08 24 00	1024.71	
2025 01 15 08 25 00	1024.81	
2025 01 15 08 26 00	1024.79	
2025 01 15 08 27 00	1024.79	
2025 01 15 08 28 00	1025.04	
2025 01 15 08 29 00	1024.97	
2025 01 15 08 30 00	1024.93	
2025 01 15 08 31 00	1024.95	
2025 01 15 08 32 00	1024.97	
2025 01 15 08 33 00	1025.16	
2025 01 15 08 34 00	1025.11	
2025 01 15 08 35 00	1025.07	
2025 01 15 08 36 00	1025.15	
2025 01 15 08 37 00	1025.14	
2025 01 15 08 38 00	1025.11	
2025 01 15 08 39 00	1025.10	
2025 01 15 08 40 00	1025.23	
2025 01 15 08 41 00	1025.12	
2025 01 15 08 42 00	1025.13	
2025 01 15 08 43 00	1025.18	
2025 01 15 08 44 00	1025.37	
2025 01 15 08 45 00	1025.27	
2025 01 15 08 46 00	1025.22	
2025 01 15 08 47 00	1025.37	
2025 01 15 08 48 00	1025.32	
2025 01 15 08 49 00	1025.22	
2025 01 15 08 50 00	1025.39	
2025 01 15 08 51 00	1025.31	
2025 01 15 08 52 00	1025.33	
2025 01 15 08 53 00	1025.34	
2025 01 15 08 54 00	1025.35	
2025 01 15 08 55 00	1025.33	
2025 01 15 08 56 00	1025.35	
2025 01 15 08 57 00	1025.25	
2025 01 15 08 58 00	1025.30	
2025 01 15 08 59 00	1025.30	
2025 01 15 09 00 00	1025.23	
2025 01 15 09 01 00	1025.31	
2025 01 15 09 02 00	1025.27	
2025 01 15 09 03 00	1025.23	
2025 01 15 09 04 00	1025.19	
2025 01 15 09 05 00	1025.09	
2025 01 15 09 06 00	1025.12	
2025 01 15 09 07 00	1025.18	
2025 01 15 09 08 00	1025.12	
2025 01 15 09 09 00	1025.11	
2025 01 15 09 10 00	1025.12	
2025 01 15 09 11 00	1025.20	
2025 01 15 09 12 00	1025.21	
2025 01 15 09 13 00	1025.23	
2025 01 15 09 14 00	1025.23	
2025 01 15 09 15 00	1025.24	
2025 01 15 09 16 00	1025.25	
2025 01 15 09 17 00	1025.31	
2025 01 15 09 18 00	1025.23	
2025 01 15 09 19 00	1025.20	
2025 01 15 09 20 00	1025.20	
2025 01 15 09 21 00	1025.19	
2025 01 15 09 22 00	1025.18	
2025 01 15 09 23 00	1025.17	
2025 01 15 09 24 00	1025.18	
2025 01 15 09 25 00	1025.14	
2025 01 15 09 26 00	1025.12	
2025 01 15 09 27 00	1025.14	
2025 01 15 09 28 00	1025.17	
2025 01 15 09 29 00	1025.20	
2025 01 15 09 30 00	1025.23	
2025 01 15 09 31 00	1025.29	
2025 01 15 09 32 00	1025.31	
2025 01 15 09 33 00	1025.34	
2025 01 15 09 34 00	1025.34	
2025 01 15 09 35 00	1025.35	
2025 01 15 09 36 00	1025.33	
2025 01 15 09 37 00	1025.35	
2025 01 15 09 38 00	1025.32	
2025 01 15 09 39 00	1025.31	
2025 01 15 09 40 00	1025.32	
2025 01 15 09 41 00	1025.31	
2025 01 15 09 42 00	1025.33	
2025 01 15 09 43 00	1025.30	
2025 01 15 09 44 00	1025.32	
2025 01 15 09 45 00	1025.27	
2025 01 15 09 46 00	1025.29	
2025 01 15 09 47 00	1025.28	
2025 01 15 09 48 00	1025.33	
2025 01 15 09 49 00	1025.32	
2025 01 15 09 50 00	1025.26	
2025 01 15 09 51 00	1025.26	
2025 01 15 09 52 00	1025.22	
2025 01 15 09 53 00	1025.17	
2025 01 15 09 54 00	1025.17	
2025 01 15 09 55 00	1025.16	
2025 01 15 09 56 00	1025.19	
2025 01 15 09 57 00	1025.18	
2025 01 15 09 58 00	1025.12	
2025 01 15 09 59 00	1025.16	
2025 01 15 10 00 00	1025.16	
2025 01 15 10 01 00	1025.14	
2025 01 15 10 02 00	1025.09	
2025 01 15 10 03 00	1025.05	
2025 01 15 10 04 00	1025.05	
2025 01 15 10 05 00	1025.09	
2025 01 15 10 06 00	1025.08	
2025 01 15 10 07 00	1025.06	
2025 01 15 10 08 00	1025.04	
2025 01 15 10 09 00	1025.03	
2025 01 15 10 10 00	1025.06	
2025 01 15 10 11 00	1025.08	
2025 01 15 10 12 00	1025.09	
2025 01 15 10 13 00	1025.08	
2025 01 15 10 14 00	1025.10	
2025 01 15 10 15 00	1025.11	
2025 01 15 10 16 00	1025.15	
2025 01 15 10 17 00	1025.15	
2025 01 15 10 18 00	1025.16	
2025 01 15 10 19 00	1025.14	
2025 01 15 10 20 00	1025.10	
2025 01 15 10 21 00	1025.07	
2025 01 15 10 22 00	1025.07	
2025 01 15 10 23 00	1025.08	
2025 01 15 10 24 00	1025.06	
2025 01 15 10 25 00	1025.07	
2025 01 15 10 26 00	1025.11	
2025 01 15 10 27 00	1025.06	
2025 01 15 10 28 00	1025.01	
2025 01 15 10 29 00	1025.03	
2025 01 15 10 30 00	1024.99	
2025 01 15 10 31 00	1025.13	
2025 01 15 10 32 00	1025.03	
2025 01 15 10 33 00	1025.05	
2025 01 15 10 34 00	1025.05	
2025 01 15 10 35 00	1025.02	
2025 01 15 10 36 00	1024.96	
2025 01 15 10 37 00	1024.93	
2025 01 15 10 38 00	1024.89	
2025 01 15 10 39 00	1024.93	
2025 01 15 10 40 00	1024.83	
2025 01 15 10 41 00	1024.83	
2025 01 15 10 42 00	1024.88	
2025 01 15 10 43 00	1024.82	
2025 01 15 10 44 00	1024.82	
2025 01 15 10 45 00	1024.72	
2025 01 15 10 46 00	1024.74	
2025 01 15 10 47 00	1024.68	
2025 01 15 10 48 00	1024.67	
2025 01 15 10 49 00	1024.61	
2025 01 15 10 50 00	1024.73	
2025 01 15 10 51 00	1024.59	
2025 01 15 10 52 00	1024.53	
2025 01 15 10 53 00	1024.60	
2025 01 15 10 54 00	1024.57	
2025 01 15 10 55 00	1024.52	
2025 01 15 10 56 00	1024.62	
2025 01 15 10 57 00	1024.50	
2025 01 15 10 58 00	1024.44	
2025 01 15 10 59 00	1024.48	
2025 01 15 11 00 00	1024.41	
2025 01 15 11 01 00	1024.51	
2025 01 15 11 02 00	1024.48	
2025 01 15 11 03 00	1024.54	
2025 01 15 11 04 00	1024.47	
2025 01 15 11 05 00	1024.33	
2025 01 15 11 06 00	1024.27	
2025 01 15 11 07 00	1024.32	
2025 01 15 11 08 00	1024.30	
2025 01 15 11 09 00	1024.32	
2025 01 15 11 10 00	1024.27	
2025 01 15 11 11 00	1024.34	
2025 01 15 11 12 00	1024.33	
2025 01 15 11 13 00	1024.28	
2025 01 15 11 14 00	1024.22	
2025 01 15 11 15 00	1024.15	
2025 01 15 11 16 00	1024.08	
2025 01 15 11 17 00	1024.02	
2025 01 15 11 18 00	1024.03	
2025 01 15 11 19 00	1023.99	
2025 01 15 11 20 00	1024.04	
2025 01 15 11 21 00	1024.07	
2025 01 15 11 22 00	1024.10	
2025 01 15 11 23 00	1024.04	
2025 01 15 11 24 00	1024.07	
2025 01 15 11 25 00	1024.03	
2025 01 15 11 26 00	1023.96	
2025 01 15 11 27 00	1024.00	
2025 01 15 11 28 00	1023.94	
2025 01 15 11 29 00	1023.90	
2025 01 15 11 30 00	1023.94	
2025 01 15 11 31 00	1023.95	
2025 01 15 11 32 00	1023.97	
2025 01 15 11 33 00	1024.00	
2025 01 15 11 34 00	1024.00	
2025 01 15 11 35 00	1024.05	
2025 01 15 11 36 00	1023.97	
2025 01 15 11 37 00	1023.98	
2025 01 15 11 38 00	1024.06	
2025 01 15 11 39 00	1024.01	
2025 01 15 11 40 00	1024.04	
2025 01 15 11 41 00	1024.04	
2025 01 15 11 42 00	1024.06	
2025 01 15 11 43 00	1024.07	
2025 01 15 11 44 00	1024.04	
2025 01 15 11 45 00	1024.07	
2025 01 15 11 46 00	1024.05	
2025 01 15 11 47 00	1024.12	
2025 01 15 11 48 00	1024.04	
2025 01 15 11 49 00	1023.99	
2025 01 15 11 50 00	1024.00	
2025 01 15 11 51 00	1024.11	
2025 01 15 11 52 00	1024.08	
2025 01 15 11 53 00	1024.10	
2025 01 15 11 54 00	1023.98	
2025 01 15 11 55 00	1024.01	
2025 01 15 11 56 00	1023.96	
2025 01 15 11 57 00	1023.93	
2025 01 15 11 58 00	1023.97	
2025 01 15 11 59 00	1023.94	
2025 01 15 12 00 00	1023.90	
2025 01 15 12 01 00	1023.90	
2025 01 15 12 02 00	1023.89	
2025 01 15 12 03 00	1023.84	
2025 01 15 12 04 00	1023.84	
2025 01 15 12 05 00	1023.88	
2025 01 15 12 06 00	1023.88	
2025 01 15 12 07 00	1023.99	
2025 01 15 12 08 00	1023.91	
2025 01 15 12 09 00	1023.99	
2025 01 15 12 10 00	1023.94	
2025 01 15 12 11 00	1023.89	
2025 01 15 12 12 00	1023.94	
2025 01 15 12 13 00	1023.95	
2025 01 15 12 14 00	1023.91	
2025 01 15 12 15 00	1023.94	
2025 01 15 12 16 00	1023.89	
2025 01 15 12 17 00	1023.98	
2025 01 15 12 18 00	1023.89	
2025 01 15 12 19 00	1023.90	
2025 01 15 12 20 00	1023.84	
2025 01 15 12 21 00	1023.86	
2025 01 15 12 22 00	1023.86	
2025 01 15 12 23 00	1023.77	
2025 01 15 12 24 00	1023.60	
2025 01 15 12 25 00	1023.63	
2025 01 15 12 26 00	1023.65	
2025 01 15 12 27 00	1023.61	
2025 01 15 12 28 00	1023.57	
2025 01 15 12 29 00	1023.60	
2025 01 15 12 30 00	1023.63	
2025 01 15 12 31 00	1023.59	
2025 01 15 12 32 00	1023.62	
2025 01 15 12 33 00	1023.56	
2025 01 15 12 34 00	1023.60	
2025 01 15 12 35 00	1023.58	
2025 01 15 12 36 00	1023.62	
2025 01 15 12 37 00	1023.58	
2025 01 15 12 38 00	1023.50	
2025 01 15 12 39 00	1023.50	
2025 01 15 12 40 00	1023.53	
2025 01 15 12 41 00	1023.49	
2025 01 15 12 42 00	1023.61	
2025 01 15 12 43 00	1023.61	
2025 01 15 12 44 00	1023.71	
2025 01 15 12 45 00	1023.65	
2025 01 15 12 46 00	1023.72	
2025 01 15 12 47 00	1023.65	
2025 01 15 12 48 00	1023.55	
2025 01 15 12 49 00	1023.60	
2025 01 15 12 50 00	1023.59	
2025 01 15 12 51 00	1023.64	
2025 01 15 12 52 00	1023.67	
2025 01 15 12 53 00	1023.58	
2025 01 15 12 54 00	1023.55	
2025 01 15 12 55 00	1023.71	
2025 01 15 12 56 00	1023.65	
2025 01 15 12 57 00	1023.66	
2025 01 15 12 58 00	1023.67	
2025 01 15 12 59 00	1023.70	
2025 01 15 13 00 00	1023.64	
2025 01 15 13 01 00	1023.70	
2025 01 15 13 02 00	1023.70	
2025 01 15 13 03 00	1023.77	
2025 01 15 13 04 00	1023.78	
2025 01 15 13 05 00	1023.65	
2025 01 15 13 06 00	1023.65	
2025 01 15 13 07 00	1023.70	
2025 01 15 13 08 00	1023.72	
2025 01 15 13 09 00	1023.72	
2025 01 15 13 10 00	1023.73	
2025 01 15 13 11 00	1023.71	
2025 01 15 13 12 00	1023.73	
2025 01 15 13 13 00	1023.77	
2025 01 15 13 14 00	1023.78	
2025 01 15 13 15 00	1023.79	
2025 01 15 13 16 00	1023.76	
2025 01 15 13 17 00	1023.78	
2025 01 15 13 18 00	1023.79	
2025 01 15 13 19 00	1023.81	
2025 01 15 13 20 00	1023.80	
2025 01 15 13 21 00	1023.84	
2025 01 15 13 22 00	1023.84	
2025 01 15 13 23 00	1023.90	
2025 01 15 13 24 00	1023.90	
2025 01 15 13 25 00	1023.88	
2025 01 15 13 26 00	1023.90	
2025 01 15 13 27 00	1023.90	
2025 01 15 13 28 00	1023.96	
2025 01 15 13 29 00	1023.91	
2025 01 15 13 30 00	1023.88	
2025 01 15 13 31 00	1023.92	
2025 01 15 13 32 00	1023.97	
2025 01 15 13 33 00	1023.92	
2025 01 15 13 34 00	1023.95	
2025 01 15 13 35 00	1023.93	
2025 01 15 13 36 00	1023.84	
2025 01 15 13 37 00	1023.82	
2025 01 15 13 38 00	1023.85	
2025 01 15 13 39 00	1023.87	
2025 01 15 13 40 00	1023.86	
2025 01 15 13 41 00	1023.84	
2025 01 15 13 42 00	1023.80	
2025 01 15 13 43 00	1023.82	
2025 01 15 13 44 00	1023.86	
2025 01 15 13 45 00	1023.86	
2025 01 15 13 46 00	1023.91	
2025 01 15 13 47 00	1023.92	
2025 01 15 13 48 00	1023.91	
2025 01 15 13 49 00	1023.86	
2025 01 15 13 50 00	1023.88	
2025 01 15 13 51 00	1023.93	
2025 01 15 13 52 00	1023.91	
2025 01 15 13 53 00	1023.86	
2025 01 15 13 54 00	1023.85	
2025 01 15 13 55 00	1023.86	
2025 01 15 13 56 00	1023.89	
2025 01 15 13 57 00	1023.92	
2025 01 15 13 58 00	1023.85	
2025 01 15 13 59 00	1023.83	
2025 01 15 14 00 00	1023.85	
2025 01 15 14 01 00	1023.91	
2025 01 15 14 02 00	1023.92	
2025 01 15 14 03 00	1023.95	
2025 01 15 14 04 00	1024.01	
2025 01 15 14 05 00	1023.99	
2025 01 15 14 06 00	1023.93	
2025 01 15 14 07 00	1024.04	
2025 01 15 14 08 00	1024.06	
2025 01 15 14 09 00	1024.00	
2025 01 15 14 10 00	1024.10	
2025 01 15 14 11 00	1024.11	
2025 01 15 14 12 00	1024.10	
2025 01 15 14 13 00	1024.14	
2025 01 15 14 14 00	1024.07	
2025 01 15 14 15 00	1024.06	
2025 01 15 14 16 00	1024.06	
2025 01 15 14 17 00	1024.17	
2025 01 15 14 18 00	1024.11	
2025 01 15 14 19 00	1024.17	
2025 01 15 14 20 00	1024.09	
2025 01 15 14 21 00	1024.07	
2025 01 15 14 22 00	1024.16	
2025 01 15 14 23 00	1024.21	
2025 01 15 14 24 00	1024.21	
2025 01 15 14 25 00	1024.24	
2025 01 15 14 26 00	1024.29	
2025 01 15 14 27 00	1024.31	
2025 01 15 14 28 00	1024.34	
2025 01 15 14 29 00	1024.28	
2025 01 15 14 30 00	1024.31	
2025 01 15 14 31 00	1024.28	
2025 01 15 14 32 00	1024.28	
2025 01 15 14 33 00	1024.28	
2025 01 15 14 34 00	1024.32	
2025 01 15 14 35 00	1024.36	
2025 01 15 14 36 00	1024.51	
2025 01 15 14 37 00	1024.38	
2025 01 15 14 38 00	1024.40	
2025 01 15 14 39 00	1024.38	
2025 01 15 14 40 00	1024.42	
2025 01 15 14 41 00	1024.42	
2025 01 15 14 42 00	1024.44	
2025 01 15 14 43 00	1024.35	
2025 01 15 14 44 00	1024.32	
2025 01 15 14 45 00	1024.35	
2025 01 15 14 46 00	1024.38	
2025 01 15 14 47 00	1024.42	
2025 01 15 14 48 00	1024.45	
2025 01 15 14 49 00	1024.44	
2025 01 15 14 50 00	1024.49	
2025 01 15 14 51 00	1024.54	
2025 01 15 14 52 00	1024.52	
2025 01 15 14 53 00	1024.58	
2025 01 15 14 54 00	1024.49	
2025 01 15 14 55 00	1024.48	
2025 01 15 14 56 00	1024.49	
2025 01 15 14 57 00	1024.45	
2025 01 15 14 58 00	1024.51	
2025 01 15 14 59 00	1024.52	
2025 01 15 15 00 00	1024.49	
2025 01 15 15 01 00	1024.46	
2025 01 15 15 02 00	1024.46	
2025 01 15 15 03 00	1024.50	
2025 01 15 15 04 00	1024.54	
2025 01 15 15 05 00	1024.51	
2025 01 15 15 06 00	1024.61	
2025 01 15 15 07 00	1024.56	
2025 01 15 15 08 00	1024.62	
2025 01 15 15 09 00	1024.60	
2025 01 15 15 10 00	1024.59	
2025 01 15 15 11 00	1024.58	
2025 01 15 15 12 00	1024.55	
2025 01 15 15 13 00	1024.57	
2025 01 15 15 14 00	1024.59	
2025 01 15 15 15 00	1024.62	
2025 01 15 15 16 00	1024.62	
2025 01 15 15 17 00	1024.67	
2025 01 15 15 18 00	1024.72	
2025 01 15 15 19 00	1024.61	
2025 01 15 15 20 00	1024.57	
2025 01 15 15 21 00	1024.65	
2025 01 15 15 22 00	1024.66	
2025 01 15 15 23 00	1024.66	
2025 01 15 15 24 00	1024.66	
2025 01 15 15 25 00	1024.71	
2025 01 15 15 26 00	1024.72	
2025 01 15 15 27 00	1024.78	
2025 01 15 15 28 00	1024.78	
2025 01 15 15 29 00	1024.81	
2025 01 15 15 30 00	1024.84	
2025 01 15 15 31 00	1024.79	
2025 01 15 15 32 00	1024.81	
2025 01 15 15 33 00	1024.85	
2025 01 15 15 34 00	1024.87	
2025 01 15 15 35 00	1024.92	
2025 01 15 15 36 00	1024.91	
2025 01 15 15 37 00	1024.87	
2025 01 15 15 38 00	1024.82	
2025 01 15 15 39 00	1024.87	
2025 01 15 15 40 00	1024.90	
2025 01 15 15 41 00	1024.90	
2025 01 15 15 42 00	1024.92	
2025 01 15 15 43 00	1024.92	
2025 01 15 15 44 00	1024.94	
2025 01 15 15 45 00	1024.94	
2025 01 15 15 46 00	1024.95	
2025 01 15 15 47 00	1024.98	
2025 01 15 15 48 00	1024.94	
2025 01 15 15 49 00	1024.93	
2025 01 15 15 50 00	1024.96	
2025 01 15 15 51 00	1024.98	
2025 01 15 15 52 00	1024.96	
2025 01 15 15 53 00	1024.98	
2025 01 15 15 54 00	1025.08	
2025 01 15 15 55 00	1025.13	
2025 01 15 15 56 00	1025.16	
2025 01 15 15 57 00	1025.08	
2025 01 15 15 58 00	1025.03	
2025 01 15 15 59 00	1025.07	
2025 01 15 16 00 00	1025.11	
2025 01 15 16 01 00	1025.12	
2025 01 15 16 02 00	1025.18	
2025 01 15 16 03 00	1025.17	
2025 01 15 16 04 00	1025.18	
2025 01 15 16 05 00	1025.27	
2025 01 15 16 06 00	1025.24	
2025 01 15 16 07 00	1025.23	
2025 01 15 16 08 00	1025.19	
2025 01 15 16 09 00	1025.14	
2025 01 15 16 10 00	1025.20	
2025 01 15 16 11 00	1025.29	
2025 01 15 16 12 00	1025.19	
2025 01 15 16 13 00	1025.26	
2025 01 15 16 14 00	1025.26	
2025 01 15 16 15 00	1025.33	
2025 01 15 16 16 00	1025.35	
2025 01 15 16 17 00	1025.28	
2025 01 15 16 18 00	1025.33	
2025 01 15 16 19 00	1025.36	
2025 01 15 16 20 00	1025.35	
2025 01 15 16 21 00	1025.31	
2025 01 15 16 22 00	1025.34	
2025 01 15 16 23 00	1025.32	
2025 01 15 16 24 00	1025.30	
2025 01 15 16 25 00	1025.34	
2025 01 15 16 26 00	1025.34	
2025 01 15 16 27 00	1025.40	
2025 01 15 16 28 00	1025.38	
2025 01 15 16 29 00	1025.32	
2025 01 15 16 30 00	1025.32	
2025 01 15 16 31 00	1025.32	
2025 01 15 16 32 00	1025.40	
2025 01 15 16 33 00	1025.42	
2025 01 15 16 34 00	1025.43	
2025 01 15 16 35 00	1025.46	
2025 01 15 16 36 00	1025.44	
2025 01 15 16 37 00	1025.43	
2025 01 15 16 38 00	1025.42	
2025 01 15 16 39 00	1025.37	
2025 01 15 16 40 00	1025.34	
2025 01 15 16 41 00	1025.35	
2025 01 15 16 42 00	1025.43	
2025 01 15 16 43 00	1025.44	
2025 01 15 16 44 00	1025.50	
2025 01 15 16 45 00	1025.53	
2025 01 15 16 46 00	1025.48	
2025 01 15 16 47 00	1025.50	
2025 01 15 16 48 00	1025.55	
2025 01 15 16 49 00	1025.52	
2025 01 15 16 50 00	1025.52	
2025 01 15 16 51 00	1025.53	
2025 01 15 16 52 00	1025.48	
2025 01 15 16 53 00	1025.44	
2025 01 15 16 54 00	1025.45	
2025 01 15 16 55 00	1025.47	
2025 01 15 16 56 00	1025.48	
2025 01 15 16 57 00	1025.44	
2025 01 15 16 58 00	1025.45	
2025 01 15 16 59 00	1025.44	
2025 01 15 17 00 00	1025.48	
2025 01 15 17 01 00	1025.58	
2025 01 15 17 02 00	1025.54	
2025 01 15 17 03 00	1025.59	
2025 01 15 17 04 00	1025.65	
2025 01 15 17 05 00	1025.69	
2025 01 15 17 06 00	1025.66	
2025 01 15 17 07 00	1025.61	
2025 01 15 17 08 00	1025.67	
2025 01 15 17 09 00	1025.67	
2025 01 15 17 10 00	1025.68	
2025 01 15 17 11 00	1025.64	
2025 01 15 17 12 00	1025.65	
2025 01 15 17 13 00	1025.73	
2025 01 15 17 14 00	1025.79	
2025 01 15 17 15 00	1025.81	
2025 01 15 17 16 00	1025.82	
2025 01 15 17 17 00	1025.85	
2025 01 15 17 18 00	1025.84	
2025 01 15 17 19 00	1025.79	
2025 01 15 17 20 00	1025.79	
2025 01 15 17 21 00	1025.76	
2025 01 15 17 22 00	1025.74	
2025 01 15 17 23 00	1025.81	
2025 01 15 17 24 00	1025.85	
2025 01 15 17 25 00	1025.87	
2025 01 15 17 26 00	1025.83	
2025 01 15 17 27 00	1025.91	
2025 01 15 17 28 00	1025.94	
2025 01 15 17 29 00	1025.82	
2025 01 15 17 30 00	1025.83	
2025 01 15 17 31 00	1025.81	
2025 01 15 17 32 00	1025.82	
2025 01 15 17 33 00	1025.88	
2025 01 15 17 34 00	1025.85	
2025 01 15 17 35 00	1025.74	
2025 01 15 17 36 00	1025.80	
2025 01 15 17 37 00	1025.81	
2025 01 15 17 38 00	1025.83	
2025 01 15 17 39 00	1025.76	
2025 01 15 17 40 00	1025.73	
2025 01 15 17 41 00	1025.80	
2025 01 15 17 42 00	1025.81	
2025 01 15 17 43 00	1025.81	
2025 01 15 17 44 00	1025.80	
2025 01 15 17 45 00	1025.75	
2025 01 15 17 46 00	1025.78	
2025 01 15 17 47 00	1025.69	
2025 01 15 17 48 00	1025.78	
2025 01 15 17 49 00	1025.97	
2025 01 15 17 50 00	1026.03	
2025 01 15 17 51 00	1025.95	
2025 01 15 17 52 00	1025.84	
2025 01 15 17 53 00	1025.96	
2025 01 15 17 54 00	1025.94	
2025 01 15 17 55 00	1025.97	
2025 01 15 17 56 00	1026.09	
2025 01 15 17 57 00	1026.10	
2025 01 15 17 58 00	1026.07	
2025 01 15 17 59 00	1026.03	
2025 01 15 18 00 00	1026.08	
2025 01 15 18 01 00	1026.05	
2025 01 15 18 02 00	1026.04	
2025 01 15 18 03 00	1026.14	
2025 01 15 18 04 00	1026.14	
2025 01 15 18 05 00	1026.18	
2025 01 15 18 06 00	1026.21	
2025 01 15 18 07 00	1026.15	
2025 01 15 18 08 00	1026.15	
2025 01 15 18 09 00	1026.21	
2025 01 15 18 10 00	1026.22	
2025 01 15 18 11 00	1026.29	
2025 01 15 18 12 00	1026.26	
2025 01 15 18 13 00	1026.26	
2025 01 15 18 14 00	1026.23	
2025 01 15 18 15 00	1026.30	
2025 01 15 18 16 00	1026.28	
2025 01 15 18 17 00	1026.23	
2025 01 15 18 18 00	1026.27	
2025 01 15 18 19 00	1026.22	
2025 01 15 18 20 00	1026.26	
2025 01 15 18 21 00	1026.39	
2025 01 15 18 22 00	1026.42	
2025 01 15 18 23 00	1026.43	
2025 01 15 18 24 00	1026.40	
2025 01 15 18 25 00	1026.42	
2025 01 15 18 26 00	1026.46	
2025 01 15 18 27 00	1026.38	
2025 01 15 18 28 00	1026.40	
2025 01 15 18 29 00	1026.45	
2025 01 15 18 30 00	1026.43	
2025 01 15 18 31 00	1026.41	
2025 01 15 18 32 00	1026.42	
2025 01 15 18 33 00	1026.37	
2025 01 15 18 34 00	1026.39	
2025 01 15 18 35 00	1026.38	
2025 01 15 18 36 00	1026.40	
2025 01 15 18 37 00	1026.41	
2025 01 15 18 38 00	1026.36	
2025 01 15 18 39 00	1026.42	
2025 01 15 18 40 00	1026.40	
2025 01 15 18 41 00	1026.43	
2025 01 15 18 42 00	1026.47	
2025 01 15 18 43 00	1026.51	
2025 01 15 18 44 00	1026.50	
2025 01 15 18 45 00	1026.45	
2025 01 15 18 46 00	1026.46	
2025 01 15 18 47 00	1026.49	
2025 01 15 18 48 00	1026.46	
2025 01 15 18 49 00	1026.49	
2025 01 15 18 50 00	1026.45	
2025 01 15 18 51 00	1026.49	
2025 01 15 18 52 00	1026.49	
2025 01 15 18 53 00	1026.47	
2025 01 15 18 54 00	1026.43	
2025 01 15 18 55 00	1026.42	
2025 01 15 18 56 00	1026.41	
2025 01 15 18 57 00	1026.41	
2025 01 15 18 58 00	1026.51	
2025 01 15 18 59 00	1026.59	
2025 01 15 19 00 00	1026.60	
2025 01 15 19 01 00	1026.52	
2025 01 15 19 02 00	1026.44	
2025 01 15 19 03 00	1026.39	
2025 01 15 19 04 00	1026.48	
2025 01 15 19 05 00	1026.56	
2025 01 15 19 06 00	1026.62	
2025 01 15 19 07 00	1026.61	
2025 01 15 19 08 00	1026.61	
2025 01 15 19 09 00	1026.47	
2025 01 15 19 10 00	1026.51	
2025 01 15 19 11 00	1026.61	
2025 01 15 19 12 00	1026.66	
2025 01 15 19 13 00	1026.66	
2025 01 15 19 14 00	1026.62	
2025 01 15 19 15 00	1026.68	
2025 01 15 19 16 00	1026.63	
2025 01 15 19 17 00	1026.57	
2025 01 15 19 18 00	1026.54	
2025 01 15 19 19 00	1026.57	
2025 01 15 19 20 00	1026.58	
2025 01 15 19 21 00	1026.67	
2025 01 15 19 22 00	1026.68	
2025 01 15 19 23 00	1026.67	
2025 01 15 19 24 00	1026.65	
2025 01 15 19 25 00	1026.66	
2025 01 15 19 26 00	1026.65	
2025 01 15 19 27 00	1026.68	
2025 01 15 19 28 00	1026.66	
2025 01 15 19 29 00	1026.62	
2025 01 15 19 30 00	1026.62	
2025 01 15 19 31 00	1026.66	
2025 01 15 19 32 00	1026.69	
2025 01 15 19 33 00	1026.61	
2025 01 15 19 34 00	1026.68	
2025 01 15 19 35 00	1026.71	
2025 01 15 19 36 00	1026.69	
2025 01 15 19 37 00	1026.66	
2025 01 15 19 38 00	1026.74	
2025 01 15 19 39 00	1026.79	
2025 01 15 19 40 00	1026.75	
2025 01 15 19 41 00	1026.78	
2025 01 15 19 42 00	1026.78	
2025 01 15 19 43 00	1026.79	
2025 01 15 19 44 00	1026.76	
2025 01 15 19 45 00	1026.68	
2025 01 15 19 46 00	1026.65	
2025 01 15 19 47 00	1026.65	
2025 01 15 19 48 00	1026.69	
2025 01 15 19 49 00	1026.72	
2025 01 15 19 50 00	1026.63	
2025 01 15 19 51 00	1026.63	
2025 01 15 19 52 00	1026.70	
2025 01 15 19 53 00	1026.75	
2025 01 15 19 54 00	1026.75	
2025 01 15 19 55 00	1026.69	
2025 01 15 19 56 00	1026.61	
2025 01 15 19 57 00	1026.59	
2025 01 15 19 58 00	1026.71	
2025 01 15 19 59 00	1026.72	
2025 01 15 20 00 00	1026.74	
2025 01 15 20 01 00	1026.77	
2025 01 15 20 02 00	1026.79	
2025 01 15 20 03 00	1026.80	
2025 01 15 20 04 00	1026.81	
2025 01 15 20 05 00	1026.78	
2025 01 15 20 06 00	1026.76	
2025 01 15 20 07 00	1026.74	
2025 01 15 20 08 00	1026.78	
2025 01 15 20 09 00	1026.82	
2025 01 15 20 10 00	1026.78	
2025 01 15 20 11 00	1026.85	
2025 01 15 20 12 00	1026.89	
2025 01 15 20 13 00	1026.77	
2025 01 15 20 14 00	1026.76	
2025 01 15 20 15 00	1026.87	
2025 01 15 20 16 00	1026.90	
2025 01 15 20 17 00	1026.86	
2025 01 15 20 18 00	1026.85	
2025 01 15 20 19 00	1026.82	
2025 01 15 20 20 00	1026.71	
2025 01 15 20 21 00	1026.73	
2025 01 15 20 22 00	1026.75	
2025 01 15 20 23 00	1026.73	
2025 01 15 20 24 00	1026.62	
2025 01 15 20 25 00	1026.71	
2025 01 15 20 26 00	1026.74	
2025 01 15 20 27 00	1026.74	
2025 01 15 20 28 00	1026.78	
2025 01 15 20 29 00	1026.74	
2025 01 15 20 30 00	1026.75	
2025 01 15 20 31 00	1026.78	
2025 01 15 20 32 00	1026.67	
2025 01 15 20 33 00	1026.71	
2025 01 15 20 34 00	1026.69	
2025 01 15 20 35 00	1026.65	
2025 01 15 20 36 00	1026.67	
2025 01 15 20 37 00	1026.82	
2025 01 15 20 38 00	1026.72	
2025 01 15 20 39 00	1026.78	
2025 01 15 20 40 00	1026.74	
2025 01 15 20 41 00	1026.74	
2025 01 15 20 42 00	1026.77	
2025 01 15 20 43 00	1026.62	
2025 01 15 20 44 00	1026.60	
2025 01 15 20 45 00	1026.63	
2025 01 15 20 46 00	1026.61	
2025 01 15 20 47 00	1026.62	
2025 01 15 20 48 00	1026.55	
2025 01 15 20 49 00	1026.87	
2025 01 15 20 50 00	1026.90	
2025 01 15 20 51 00	1026.79	
2025 01 15 20 52 00	1026.73	
2025 01 15 20 53 00	1026.65	
2025 01 15 20 54 00	1026.76	
2025 01 15 20 55 00	1026.64	
2025 01 15 20 56 00	1026.61	
2025 01 15 20 57 00	1026.70	
2025 01 15 20 58 00	1026.71	
2025 01 15 20 59 00	1026.65	
2025 01 15 21 00 00	1026.69	
2025 01 15 21 01 00	1026.74	
2025 01 15 21 02 00	1026.69	
2025 01 15 21 03 00	1026.64	
2025 01 15 21 04 00	1026.69	
2025 01 15 21 05 00	1026.68	
2025 01 15 21 06 00	1026.71	
2025 01 15 21 07 00	1026.94	
2025 01 15 21 08 00	1026.94	
2025 01 15 21 09 00	1026.76	
2025 01 15 21 10 00	1026.69	
2025 01 15 21 11 00	1026.75	
2025 01 15 21 12 00	1026.88	
2025 01 15 21 13 00	1026.90	
2025 01 15 21 14 00	1026.74	
2025 01 15 21 15 00	1026.83	
2025 01 15 21 16 00	1026.82	
2025 01 15 21 17 00	1026.69	
2025 01 15 21 18 00	1026.80	
2025 01 15 21 19 00	1026.83	
2025 01 15 21 20 00	1026.76	
2025 01 15 21 21 00	1026.85	
2025 01 15 21 22 00	1027.00	
2025 01 15 21 23 00	1026.70	
2025 01 15 21 24 00	1026.72	
2025 01 15 21 25 00	1026.85	
2025 01 15 21 26 00	1026.79	
2025 01 15 21 27 00	1026.84	
2025 01 15 21 28 00	1026.81	
2025 01 15 21 29 00	1026.87	
2025 01 15 21 30 00	1026.72	
2025 01 15 21 31 00	1026.50	
2025 01 15 21 32 00	1026.86	
2025 01 15 21 33 00	1026.87	
2025 01 15 21 34 00	1026.82	
2025 01 15 21 35 00	1026.72	
2025 01 15 21 36 00	1026.80	
2025 01 15 21 37 00	1026.73	
2025 01 15 21 38 00	1026.75	
2025 01 15 21 39 00	1026.78	
2025 01 15 21 40 00	1026.80	
2025 01 15 21 41 00	1026.82	
2025 01 15 21 42 00	1026.76	
2025 01 15 21 43 00	1026.71	
2025 01 15 21 44 00	1026.46	
2025 01 15 21 45 00	1026.72	
2025 01 15 21 46 00	1026.85	
2025 01 15 21 47 00	1026.88	
2025 01 15 21 48 00	1026.69	
2025 01 15 21 49 00	1026.84	
2025 01 15 21 50 00	1026.82	
2025 01 15 21 51 00	1026.93	
2025 01 15 21 52 00	1026.96	
2025 01 15 21 53 00	1027.06	
2025 01 15 21 54 00	1026.99	
2025 01 15 21 55 00	1026.86	
2025 01 15 21 56 00	1026.74	
2025 01 15 21 57 00	1026.97	
2025 01 15 21 58 00	1027.04	
2025 01 15 21 59 00	1026.90	
2025 01 15 22 00 00	1026.93	
2025 01 15 22 01 00	1026.99	
2025 01 15 22 02 00	1027.01	
2025 01 15 22 03 00	1026.94	
2025 01 15 22 04 00	1027.08	
2025 01 15 22 05 00	1027.02	
2025 01 15 22 06 00	1026.96	
2025 01 15 22 07 00	1027.03	
2025 01 15 22 08 00	1027.05	
2025 01 15 22 09 00	1026.97	
2025 01 15 22 10 00	1027.01	
2025 01 15 22 11 00	1027.11	
2025 01 15 22 12 00	1027.16	
2025 01 15 22 13 00	1027.17	
2025 01 15 22 14 00	1027.09	
2025 01 15 22 15 00	1027.11	
2025 01 15 22 16 00	1027.13	
2025 01 15 22 17 00	1027.02	
2025 01 15 22 18 00	1027.04	
2025 01 15 22 19 00	1027.11	
2025 01 15 22 20 00	1027.17	
2025 01 15 22 21 00	1027.32	
2025 01 15 22 22 00	1027.30	
2025 01 15 22 23 00	1027.22	
2025 01 15 22 24 00	1027.17	
2025 01 15 22 25 00	1027.00	
2025 01 15 22 26 00	1027.03	
2025 01 15 22 27 00	1027.14	
2025 01 15 22 28 00	1027.12	
2025 01 15 22 29 00	1027.11	
2025 01 15 22 30 00	1027.25	
2025 01 15 22 31 00	1027.26	
2025 01 15 22 32 00	1027.20	
2025 01 15 22 33 00	1027.22	
2025 01 15 22 34 00	1027.38	
2025 01 15 22 35 00	1027.34	
2025 01 15 22 36 00	1027.11	
2025 01 15 22 37 00	1027.09	
2025 01 15 22 38 00	1027.03	
2025 01 15 22 39 00	1027.08	
2025 01 15 22 40 00	1026.99	
2025 01 15 22 41 00	1027.21	
2025 01 15 22 42 00	1027.28	
2025 01 15 22 43 00	1027.25	
2025 01 15 22 44 00	1027.18	
2025 01 15 22 45 00	1027.21	
2025 01 15 22 46 00	1027.06	
2025 01 15 22 47 00	1026.91	
2025 01 15 22 48 00	1027.06	
2025 01 15 22 49 00	1027.02	
2025 01 15 22 50 00	1027.03	
2025 01 15 22 51 00	1027.04	
2025 01 15 22 52 00	1027.10	
2025 01 15 22 53 00	1027.03	
2025 01 15 22 54 00	1027.04	
2025 01 15 22 55 00	1027.07	
2025 01 15 22 56 00	1027.17	
2025 01 15 22 57 00	1027.16	
2025 01 15 22 58 00	1027.11	
2025 01 15 22 59 00	1027.04	
2025 01 15 23 00 00	1027.02	
2025 01 15 23 01 00	1026.98	
2025 01 15 23 02 00	1027.11	
2025 01 15 23 03 00	1027.00	
2025 01 15 23 04 00	1027.07	
2025 01 15 23 05 00	1026.97	
2025 01 15 23 06 00	1026.86	
2025 01 15 23 07 00	1026.99	
2025 01 15 23 08 00	1027.15	
2025 01 15 23 09 00	1027.09	
2025 01 15 23 10 00	1027.01	
2025 01 15 23 11 00	1027.07	
2025 01 15 23 12 00	1027.00	
2025 01 15 23 13 00	1026.72	
2025 01 15 23 14 00	1026.92	
2025 01 15 23 15 00	1026.99	
2025 01 15 23 16 00	1027.04	
2025 01 15 23 17 00	1027.07	
2025 01 15 23 18 00	1026.97	
2025 01 15 23 19 00	1026.86	
2025 01 15 23 20 00	1026.95	
2025 01 15 23 21 00	1027.11	
2025 01 15 23 22 00	1027.11	
2025 01 15 23 23 00	1026.64	
2025 01 15 23 24 00	1026.37	
2025 01 15 23 25 00	1026.80	
2025 01 15 23 26 00	1026.77	
2025 01 15 23 27 00	1026.95	
2025 01 15 23 28 00	1026.90	
2025 01 15 23 29 00	1027.01	
2025 01 15 23 30 00	1027.04	
2025 01 15 23 31 00	1026.97	
2025 01 15 23 32 00	1026.94	
2025 01 15 23 33 00	1026.99	
2025 01 15 23 34 00	1026.91	
2025 01 15 23 35 00	1026.93	
2025 01 15 23 36 00	1026.92	
2025 01 15 23 37 00	1027.02	
2025 01 15 23 38 00	1026.90	
2025 01 15 23 39 00	1026.92	
2025 01 15 23 40 00	1026.92	
2025 01 15 23 41 00	1027.01	
2025 01 15 23 42 00	1027.02	
2025 01 15 23 43 00	1027.01	
2025 01 15 23 44 00	1027.21	
2025 01 15 23 45 00	1027.29	
2025 01 15 23 46 00	1027.27	
2025 01 15 23 47 00	1027.21	
2025 01 15 23 48 00	1027.12	
2025 01 15 23 49 00	1026.99	
2025 01 15 23 50 00	1027.02	
2025 01 15 23 51 00	1027.10	
2025 01 15 23 52 00	1026.97	
2025 01 15 23 53 00	1027.07	
2025 01 15 23 54 00	1027.08	
2025 01 15 23 55 00	1027.26	
2025 01 15 23 56 00	1027.19	
2025 01 15 23 57 00	1026.99	
2025 01 15 23 58 00	1026.96	
2025 01 15 23 59 00	1026.95	
2025 01 16 00 00 00	1027.10	
2025 01 16 00 01 00	1027.21	
2025 01 16 00 02 00	1027.09	
2025 01 16 00 03 00	1027.17	
2025 01 16 00 04 00	1027.36	
2025 01 16 00 05 00	1027.49	
2025 01 16 00 06 00	1027.31	
2025 01 16 00 07 00	1027.24	
2025 01 16 00 08 00	1027.18	
2025 01 16 00 09 00	1027.10	
2025 01 16 00 10 00	1027.06	
2025 01 16 00 11 00	1027.13	
2025 01 16 00 12 00	1027.18	
2025 01 16 00 13 00	1027.20	
2025 01 16 00 14 00	1027.08	
2025 01 16 00 15 00	1027.14	
2025 01 16 00 16 00	1027.22	
2025 01 16 00 17 00	1027.16	
2025 01 16 00 18 00	1027.16	
2025 01 16 00 19 00	1027.11	
2025 01 16 00 20 00	1027.15	
2025 01 16 00 21 00	1027.24	
2025 01 16 00 22 00	1027.38	
2025 01 16 00 23 00	1027.51	
2025 01 16 00 24 00	1027.39	
2025 01 16 00 25 00	1027.16	
2025 01 16 00 26 00	1027.17	
2025 01 16 00 27 00	1027.26	
2025 01 16 00 28 00	1027.31	
2025 01 16 00 29 00	1027.35	
2025 01 16 00 30 00	1027.38	
2025 01 16 00 31 00	1027.42	
2025 01 16 00 32 00	1027.40	
2025 01 16 00 33 00	1027.49	
2025 01 16 00 34 00	1027.62	
2025 01 16 00 35 00	1027.66	
2025 01 16 00 36 00	1027.69	
2025 01 16 00 37 00	1027.85	
2025 01 16 00 38 00	1027.76	
2025 01 16 00 39 00	1027.77	
2025 01 16 00 40 00	1027.63	
2025 01 16 00 41 00	1027.60	
2025 01 16 00 42 00	1027.68	
2025 01 16 00 43 00	1027.64	
2025 01 16 00 44 00	1027.58	
2025 01 16 00 45 00	1027.54	
2025 01 16 00 46 00	1027.56	
2025 01 16 00 47 00	1027.54	
2025 01 16 00 48 00	1027.62	
2025 01 16 00 49 00	1027.67	
2025 01 16 00 50 00	1027.67	
2025 01 16 00 51 00	1027.64	
2025 01 16 00 52 00	1027.56	
2025 01 16 00 53 00	1027.45	
2025 01 16 00 54 00	1027.48	
2025 01 16 00 55 00	1027.63	
2025 01 16 00 56 00	1027.71	
2025 01 16 00 57 00	1027.87	
2025 01 16 00 58 00	1027.83	
2025 01 16 00 59 00	1027.75	
2025 01 16 01 00 00	1027.76	
2025 01 16 01 01 00	1027.75	
2025 01 16 01 02 00	1027.69	
2025 01 16 01 03 00	1027.57	
2025 01 16 01 04 00	1027.62	
2025 01 16 01 05 00	1027.63	
2025 01 16 01 06 00	1027.77	
2025 01 16 01 07 00	1027.78	
2025 01 16 01 08 00	1027.66	
2025 01 16 01 09 00	1027.52	
2025 01 16 01 10 00	1027.69	
2025 01 16 01 11 00	1027.98	
2025 01 16 01 12 00	1028.10	
2025 01 16 01 13 00	1028.01	
2025 01 16 01 14 00	1027.74	
2025 01 16 01 15 00	1027.74	
2025 01 16 01 16 00	1028.01	
2025 01 16 01 17 00	1028.18	
2025 01 16 01 18 00	1028.10	
2025 01 16 01 19 00	1027.99	
2025 01 16 01 20 00	1028.03	
2025 01 16 01 21 00	1028.05	
2025 01 16 01 22 00	1028.17	
2025 01 16 01 23 00	1028.22	
2025 01 16 01 24 00	1028.20	
2025 01 16 01 25 00	1028.29	
2025 01 16 01 26 00	1028.31	
2025 01 16 01 27 00	1028.25	
2025 01 16 01 28 00	1028.34	
2025 01 16 01 29 00	1028.20	
2025 01 16 01 30 00	1028.21	
2025 01 16 01 31 00	1028.21	
2025 01 16 01 32 00	1028.29	
2025 01 16 01 33 00	1028.28	
2025 01 16 01 34 00	1028.19	
2025 01 16 01 35 00	1028.20	
2025 01 16 01 36 00	1028.31	
2025 01 16 01 37 00	1028.34	
2025 01 16 01 38 00	1028.30	
2025 01 16 01 39 00	1028.47	
2025 01 16 01 40 00	1028.48	
2025 01 16 01 41 00	1028.42	
2025 01 16 01 42 00	1028.37	
2025 01 16 01 43 00	1028.42	
2025 01 16 01 44 00	1028.38	
2025 01 16 01 45 00	1028.39	
2025 01 16 01 46 00	1028.41	
2025 01 16 01 47 00	1028.52	
2025 01 16 01 48 00	1028.60	
2025 01 16 01 49 00	1028.68	
2025 01 16 01 50 00	1028.63	
2025 01 16 01 51 00	1028.58	
2025 01 16 01 52 00	1028.66	
2025 01 16 01 53 00	1028.74	
2025 01 16 01 54 00	1028.67	
2025 01 16 01 55 00	1028.63	
2025 01 16 01 56 00	1028.60	
2025 01 16 01 57 00	1028.58	
2025 01 16 01 58 00	1028.54	
2025 01 16 01 59 00	1028.55	
2025 01 16 02 00 00	1028.61	
2025 01 16 02 01 00	1028.70	
2025 01 16 02 02 00	1028.85	
2025 01 16 02 03 00	1028.76	
2025 01 16 02 04 00	1028.46	
2025 01 16 02 05 00	1028.50	
2025 01 16 02 06 00	1028.56	
2025 01 16 02 07 00	1028.47	
2025 01 16 02 08 00	1028.37	
2025 01 16 02 09 00	1028.53	
2025 01 16 02 10 00	1028.52	
2025 01 16 02 11 00	1028.44	
2025 01 16 02 12 00	1028.58	
2025 01 16 02 13 00	1028.69	
2025 01 16 02 14 00	1028.65	
2025 01 16 02 15 00	1028.47	
2025 01 16 02 16 00	1028.60	
2025 01 16 02 17 00	1028.84	
2025 01 16 02 18 00	1028.76	
2025 01 16 02 19 00	1028.73	
2025 01 16 02 20 00	1028.73	
2025 01 16 02 21 00	1028.75	
2025 01 16 02 22 00	1028.77	
2025 01 16 02 23 00	1028.82	
2025 01 16 02 24 00	1028.83	
2025 01 16 02 25 00	1028.83	
2025 01 16 02 26 00	1028.80	
2025 01 16 02 27 00	1028.77	
2025 01 16 02 28 00	1028.79	
2025 01 16 02 29 00	1028.80	
2025 01 16 02 30 00	1028.89	
2025 01 16 02 31 00	1028.89	
2025 01 16 02 32 00	1028.91	
2025 01 16 02 33 00	1028.94	
2025 01 16 02 34 00	1028.88	
2025 01 16 02 35 00	1028.78	
2025 01 16 02 36 00	1028.69	
2025 01 16 02 37 00	1028.80	
2025 01 16 02 38 00	1028.86	
2025 01 16 02 39 00	1028.77	
2025 01 16 02 40 00	1028.78	
2025 01 16 02 41 00	1028.80	
2025 01 16 02 42 00	1028.88	
2025 01 16 02 43 00	1028.86	
2025 01 16 02 44 00	1028.91	
2025 01 16 02 45 00	1029.04	
2025 01 16 02 46 00	1028.93	
2025 01 16 02 47 00	1028.83	
2025 01 16 02 48 00	1028.93	
2025 01 16 02 49 00	1028.99	
2025 01 16 02 50 00	1029.00	
2025 01 16 02 51 00	1028.93	
2025 01 16 02 52 00	1028.89	
2025 01 16 02 53 00	1028.89	
2025 01 16 02 54 00	1028.92	
2025 01 16 02 55 00	1028.94	
2025 01 16 02 56 00	1028.92	
2025 01 16 02 57 00	1028.99	
2025 01 16 02 58 00	1029.08	
2025 01 16 02 59 00	1029.08	
2025 01 16 03 00 00	1029.01	
2025 01 16 03 01 00	1029.02	
2025 01 16 03 02 00	1029.07	
2025 01 16 03 03 00	1029.06	
2025 01 16 03 04 00	1028.92	
2025 01 16 03 05 00	1028.84	
2025 01 16 03 06 00	1028.95	
2025 01 16 03 07 00	1029.04	
2025 01 16 03 08 00	1029.07	
2025 01 16 03 09 00	1028.94	
2025 01 16 03 10 00	1029.10	
2025 01 16 03 11 00	1029.22	
2025 01 16 03 12 00	1029.03	
2025 01 16 03 13 00	1029.01	
2025 01 16 03 14 00	1029.13	
2025 01 16 03 15 00	1029.25	
2025 01 16 03 16 00	1029.21	
2025 01 16 03 17 00	1029.21	
2025 01 16 03 18 00	1029.21	
2025 01 16 03 19 00	1029.19	
2025 01 16 03 20 00	1029.36	
2025 01 16 03 21 00	1029.43	
2025 01 16 03 22 00	1029.33	
2025 01 16 03 23 00	1029.44	
2025 01 16 03 24 00	1029.44	
2025 01 16 03 25 00	1029.43	
2025 01 16 03 26 00	1029.41	
2025 01 16 03 27 00	1029.41	
2025 01 16 03 28 00	1029.43	
2025 01 16 03 29 00	1029.50	
2025 01 16 03 30 00	1029.52	
2025 01 16 03 31 00	1029.52	
2025 01 16 03 32 00	1029.48	
2025 01 16 03 33 00	1029.47	
2025 01 16 03 34 00	1029.45	
2025 01 16 03 35 00	1029.49	
2025 01 16 03 36 00	1029.50	
2025 01 16 03 37 00	1029.58	
2025 01 16 03 38 00	1029.60	
2025 01 16 03 39 00	1029.57	
2025 01 16 03 40 00	1029.58	
2025 01 16 03 41 00	1029.61	
2025 01 16 03 42 00	1029.50	
2025 01 16 03 43 00	1029.48	
2025 01 16 03 44 00	1029.65	
2025 01 16 03 45 00	1029.53	
2025 01 16 03 46 00	1029.64	
2025 01 16 03 47 00	1029.65	
2025 01 16 03 48 00	1029.67	
2025 01 16 03 49 00	1029.72	
2025 01 16 03 50 00	1029.82	
2025 01 16 03 51 00	1029.85	
2025 01 16 03 52 00	1029.83	
2025 01 16 03 53 00	1029.72	
2025 01 16 03 54 00	1029.68	
2025 01 16 03 55 00	1029.74	
2025 01 16 03 56 00	1029.83	
2025 01 16 03 57 00	1029.80	
2025 01 16 03 58 00	1029.82	
2025 01 16 03 59 00	1029.88	
2025 01 16 04 00 00	1029.85	
2025 01 16 04 01 00	1029.83	
2025 01 16 04 02 00	1029.81	
2025 01 16 04 03 00	1029.77	
2025 01 16 04 04 00	1029.80	
2025 01 16 04 05 00	1029.83	
2025 01 16 04 06 00	1029.91	
2025 01 16 04 07 00	1029.88	
2025 01 16 04 08 00	1029.88	
2025 01 16 04 09 00	1029.94	
2025 01 16 04 10 00	1030.00	
2025 01 16 04 11 00	1030.06	
2025 01 16 04 12 00	1030.07	
2025 01 16 04 13 00	1030.08	
2025 01 16 04 14 00	1030.06	
2025 01 16 04 15 00	1030.05	
2025 01 16 04 16 00	1030.04	
2025 01 16 04 17 00	1029.96	
2025 01 16 04 18 00	1029.96	
2025 01 16 04 19 00	1030.05	
2025 01 16 04 20 00	1030.01	
2025 01 16 04 21 00	1029.98	
2025 01 16 04 22 00	1030.10	
2025 01 16 04 23 00	1030.28	
2025 01 16 04 24 00	1030.30	
2025 01 16 04 25 00	1030.28	
2025 01 16 04 26 00	1030.24	
2025 01 16 04 27 00	1030.22	
2025 01 16 04 28 00	1030.28	
2025 01 16 04 29 00	1030.28	
2025 01 16 04 30 00	1030.32	
2025 01 16 04 31 00	1030.28	
2025 01 16 04 32 00	1030.29	
2025 01 16 04 33 00	1030.27	
2025 01 16 04 34 00	1030.29	
2025 01 16 04 35 00	1030.26	
2025 01 16 04 36 00	1030.28	
2025 01 16 04 37 00	1030.42	
2025 01 16 04 38 00	1030.33	
2025 01 16 04 39 00	1030.30	
2025 01 16 04 40 00	1030.40	
2025 01 16 04 41 00	1030.42	
2025 01 16 04 42 00	1030.46	
2025 01 16 04 43 00	1030.41	
2025 01 16 04 44 00	1030.51	
2025 01 16 04 45 00	1030.53	
2025 01 16 04 46 00	1030.54	
2025 01 16 04 47 00	1030.59	
2025 01 16 04 48 00	1030.66	
2025 01 16 04 49 00	1030.59	
2025 01 16 04 50 00	1030.51	
2025 01 16 04 51 00	1030.54	
2025 01 16 04 52 00	1030.53	
2025 01 16 04 53 00	1030.54	
2025 01 16 04 54 00	1030.61	
2025 01 16 04 55 00	1030.63	
2025 01 16 04 56 00	1030.57	
2025 01 16 04 57 00	1030.59	
2025 01 16 04 58 00	1030.60	
2025 01 16 04 59 00	1030.61	
2025 01 16 05 00 00	1030.62	
2025 01 16 05 01 00	1030.58	
2025 01 16 05 02 00	1030.55	
2025 01 16 05 03 00	1030.53	
2025 01 16 05 04 00	1030.60	
2025 01 16 05 05 00	1030.64	
2025 01 16 05 06 00	1030.70	
2025 01 16 05 07 00	1030.40	
2025 01 16 05 08 00	1030.44	
2025 01 16 05 09 00	1030.44	
2025 01 16 05 10 00	1030.35	
2025 01 16 05 11 00	1030.40	
2025 01 16 05 12 00	1030.45	
2025 01 16 05 13 00	1030.63	
2025 01 16 05 14 00	1030.72	
2025 01 16 05 15 00	1030.68	
2025 01 16 05 16 00	1030.66	
2025 01 16 05 17 00	1030.58	
2025 01 16 05 18 00	1030.59	
2025 01 16 05 19 00	1030.70	
2025 01 16 05 20 00	1030.74	
2025 01 16 05 21 00	1030.72	
2025 01 16 05 22 00	1030.67	
2025 01 16 05 23 00	1030.76	
2025 01 16 05 24 00	1030.80	
2025 01 16 05 25 00	1030.80	
2025 01 16 05 26 00	1030.74	
2025 01 16 05 27 00	1030.78	
2025 01 16 05 28 00	1030.88	
2025 01 16 05 29 00	1030.97	
2025 01 16 05 30 00	1031.02	
2025 01 16 05 31 00	1030.98	
2025 01 16 05 32 00	1030.97	
2025 01 16 05 33 00	1031.00	
2025 01 16 05 34 00	1031.06	
2025 01 16 05 35 00	1030.98	
2025 01 16 05 36 00	1030.80	
2025 01 16 05 37 00	1030.93	
2025 01 16 05 38 00	1030.97	
2025 01 16 05 39 00	1031.01	
2025 01 16 05 40 00	1030.97	
2025 01 16 05 41 00	1030.92	
2025 01 16 05 42 00	1030.92	
2025 01 16 05 43 00	1030.98	
2025 01 16 05 44 00	1030.96	
2025 01 16 05 45 00	1030.97	
2025 01 16 05 46 00	1031.09	
2025 01 16 05 47 00	1031.19	
2025 01 16 05 48 00	1031.11	
2025 01 16 05 49 00	1030.94	
2025 01 16 05 50 00	1031.00	
2025 01 16 05 51 00	1031.10	
2025 01 16 05 52 00	1031.20	
2025 01 16 05 53 00	1031.24	
2025 01 16 05 54 00	1031.24	
2025 01 16 05 55 00	1031.19	
2025 01 16 05 56 00	1031.20	
2025 01 16 05 57 00	1031.31	
2025 01 16 05 58 00	1031.35	
2025 01 16 05 59 00	1031.21	
2025 01 16 06 00 00	1031.35	
2025 01 16 06 01 00	1031.46	
2025 01 16 06 02 00	1031.32	
2025 01 16 06 03 00	1031.35	
2025 01 16 06 04 00	1031.40	
2025 01 16 06 05 00	1031.48	
2025 01 16 06 06 00	1031.47	
2025 01 16 06 07 00	1031.27	
2025 01 16 06 08 00	1031.19	
2025 01 16 06 09 00	1031.32	
2025 01 16 06 10 00	1031.39	
2025 01 16 06 11 00	1031.38	
2025 01 16 06 12 00	1031.40	
2025 01 16 06 13 00	1031.48	
2025 01 16 06 14 00	1031.55	
2025 01 16 06 15 00	1031.44	
2025 01 16 06 16 00	1031.37	
2025 01 16 06 17 00	1031.39	
2025 01 16 06 18 00	1031.57	
2025 01 16 06 19 00	1031.57	
2025 01 16 06 20 00	1031.47	
2025 01 16 06 21 00	1031.46	
2025 01 16 06 22 00	1031.31	
2025 01 16 06 23 00	1031.33	
2025 01 16 06 24 00	1031.34	
2025 01 16 06 25 00	1031.46	
2025 01 16 06 26 00	1031.26	
2025 01 16 06 27 00	1031.38	
2025 01 16 06 28 00	1031.29	
2025 01 16 06 29 00	1031.25	
2025 01 16 06 30 00	1031.36	
2025 01 16 06 31 00	1031.55	
2025 01 16 06 32 00	1031.55	
2025 01 16 06 33 00	1031.50	
2025 01 16 06 34 00	1031.55	
2025 01 16 06 35 00	1031.66	
2025 01 16 06 36 00	1031.63	
2025 01 16 06 37 00	1031.63	
2025 01 16 06 38 00	1031.59	
2025 01 16 06 39 00	1031.67	
2025 01 16 06 40 00	1031.78	
2025 01 16 06 41 00	1031.87	
2025 01 16 06 42 00	1031.76	
2025 01 16 06 43 00	1031.84	
2025 01 16 06 44 00	1031.82	
2025 01 16 06 45 00	1031.71	
2025 01 16 06 46 00	1031.68	
2025 01 16 06 47 00	1031.71	
2025 01 16 06 48 00	1031.82	
2025 01 16 06 49 00	1031.90	
2025 01 16 06 50 00	1031.84	
2025 01 16 06 51 00	1031.82	
2025 01 16 06 52 00	1031.77	
2025 01 16 06 53 00	1031.77	
2025 01 16 06 54 00	1031.87	
2025 01 16 06 55 00	1031.91	
2025 01 16 06 56 00	1032.01	
2025 01 16 06 57 00	1032.02	
2025 01 16 06 58 00	1031.86	
2025 01 16 06 59 00	1031.91	
2025 01 16 07 00 00	1031.87	
