2025 01 30 00 00 00	1017.78
2025 01 30 00 01 00	1017.78
2025 01 30 00 02 00	1017.77
2025 01 30 00 03 00	1017.78
2025 01 30 00 04 00	1017.77
2025 01 30 00 05 00	1017.76
2025 01 30 00 06 00	1017.76
2025 01 30 00 07 00	1017.76
2025 01 30 00 08 00	1017.74
2025 01 30 00 09 00	1017.75
2025 01 30 00 10 00	1017.75
2025 01 30 00 11 00	1017.77
2025 01 30 00 12 00	1017.78
2025 01 30 00 13 00	1017.81
2025 01 30 00 14 00	1017.82
2025 01 30 00 15 00	1017.84
2025 01 30 00 16 00	1017.86
2025 01 30 00 17 00	1017.85
2025 01 30 00 18 00	1017.87
2025 01 30 00 19 00	1017.87
2025 01 30 00 20 00	1017.87
2025 01 30 00 21 00	1017.87
2025 01 30 00 22 00	1017.86
2025 01 30 00 23 00	1017.86
2025 01 30 00 24 00	1017.85
2025 01 30 00 25 00	1017.85
2025 01 30 00 26 00	1017.84
2025 01 30 00 27 00	1017.84
2025 01 30 00 28 00	1017.85
2025 01 30 00 29 00	1017.83
2025 01 30 00 30 00	1017.83
2025 01 30 00 31 00	1017.82
2025 01 30 00 32 00	1017.80
2025 01 30 00 33 00	1017.78
2025 01 30 00 34 00	1017.77
2025 01 30 00 35 00	1017.79
2025 01 30 00 36 00	1017.75
2025 01 30 00 37 00	1017.75
2025 01 30 00 38 00	1017.77
2025 01 30 00 39 00	1017.75
2025 01 30 00 40 00	1017.72
2025 01 30 00 41 00	1017.73
2025 01 30 00 42 00	1017.70
2025 01 30 00 43 00	1017.69
2025 01 30 00 44 00	1017.68
2025 01 30 00 45 00	1017.67
2025 01 30 00 46 00	1017.64
2025 01 30 00 47 00	1017.63
2025 01 30 00 48 00	1017.63
2025 01 30 00 49 00	1017.61
2025 01 30 00 50 00	1017.60
2025 01 30 00 51 00	1017.60
2025 01 30 00 52 00	1017.58
2025 01 30 00 53 00	1017.60
2025 01 30 00 54 00	1017.60
2025 01 30 00 55 00	1017.59
2025 01 30 00 56 00	1017.59
2025 01 30 00 57 00	1017.62
2025 01 30 00 58 00	1017.60
2025 01 30 00 59 00	1017.61
2025 01 30 01 00 00	1017.61
2025 01 30 01 01 00	1017.62
2025 01 30 01 02 00	1017.63
2025 01 30 01 03 00	1017.64
2025 01 30 01 04 00	1017.63
2025 01 30 01 05 00	1017.64
2025 01 30 01 06 00	1017.65
2025 01 30 01 07 00	1017.65
2025 01 30 01 08 00	1017.67
2025 01 30 01 09 00	1017.66
2025 01 30 01 10 00	1017.64
2025 01 30 01 11 00	1017.64
2025 01 30 01 12 00	1017.63
2025 01 30 01 13 00	1017.61
2025 01 30 01 14 00	1017.59
2025 01 30 01 15 00	1017.59
2025 01 30 01 16 00	1017.57
2025 01 30 01 17 00	1017.54
2025 01 30 01 18 00	1017.57
2025 01 30 01 19 00	1017.55
2025 01 30 01 20 00	1017.57
2025 01 30 01 21 00	1017.56
2025 01 30 01 22 00	1017.56
2025 01 30 01 23 00	1017.56
2025 01 30 01 24 00	1017.58
2025 01 30 01 25 00	1017.56
2025 01 30 01 26 00	1017.58
2025 01 30 01 27 00	1017.56
2025 01 30 01 28 00	1017.56
2025 01 30 01 29 00	1017.55
2025 01 30 01 30 00	1017.53
2025 01 30 01 31 00	1017.55
2025 01 30 01 32 00	1017.55
2025 01 30 01 33 00	1017.55
2025 01 30 01 34 00	1017.57
2025 01 30 01 35 00	1017.57
2025 01 30 01 36 00	1017.57
2025 01 30 01 37 00	1017.58
2025 01 30 01 38 00	1017.58
2025 01 30 01 39 00	1017.58
2025 01 30 01 40 00	1017.53
2025 01 30 01 41 00	1017.54
2025 01 30 01 42 00	1017.51
2025 01 30 01 43 00	1017.53
2025 01 30 01 44 00	1017.52
2025 01 30 01 45 00	1017.52
2025 01 30 01 46 00	1017.55
2025 01 30 01 47 00	1017.56
2025 01 30 01 48 00	1017.57
2025 01 30 01 49 00	1017.60
2025 01 30 01 50 00	1017.58
2025 01 30 01 51 00	1017.57
2025 01 30 01 52 00	1017.56
2025 01 30 01 53 00	1017.55
2025 01 30 01 54 00	1017.54
2025 01 30 01 55 00	1017.54
2025 01 30 01 56 00	1017.53
2025 01 30 01 57 00	1017.54
2025 01 30 01 58 00	1017.54
2025 01 30 01 59 00	1017.52
2025 01 30 02 00 00	1017.51
2025 01 30 02 01 00	1017.50
2025 01 30 02 02 00	1017.50
2025 01 30 02 03 00	1017.48
2025 01 30 02 04 00	1017.48
2025 01 30 02 05 00	1017.46
2025 01 30 02 06 00	1017.47
2025 01 30 02 07 00	1017.45
2025 01 30 02 08 00	1017.44
2025 01 30 02 09 00	1017.46
2025 01 30 02 10 00	1017.46
2025 01 30 02 11 00	1017.44
2025 01 30 02 12 00	1017.41
2025 01 30 02 13 00	1017.41
2025 01 30 02 14 00	1017.39
2025 01 30 02 15 00	1017.38
2025 01 30 02 16 00	1017.37
2025 01 30 02 17 00	1017.37
2025 01 30 02 18 00	1017.35
2025 01 30 02 19 00	1017.35
2025 01 30 02 20 00	1017.33
2025 01 30 02 21 00	1017.33
2025 01 30 02 22 00	1017.36
2025 01 30 02 23 00	1017.35
2025 01 30 02 24 00	1017.35
2025 01 30 02 25 00	1017.34
2025 01 30 02 26 00	1017.34
2025 01 30 02 27 00	1017.33
2025 01 30 02 28 00	1017.32
2025 01 30 02 29 00	1017.34
2025 01 30 02 30 00	1017.33
2025 01 30 02 31 00	1017.35
2025 01 30 02 32 00	1017.36
2025 01 30 02 33 00	1017.39
2025 01 30 02 34 00	1017.40
2025 01 30 02 35 00	1017.43
2025 01 30 02 36 00	1017.45
2025 01 30 02 37 00	1017.45
2025 01 30 02 38 00	1017.46
2025 01 30 02 39 00	1017.47
2025 01 30 02 40 00	1017.48
2025 01 30 02 41 00	1017.51
2025 01 30 02 42 00	1017.49
2025 01 30 02 43 00	1017.48
2025 01 30 02 44 00	1017.47
2025 01 30 02 45 00	1017.47
2025 01 30 02 46 00	1017.46
2025 01 30 02 47 00	1017.45
2025 01 30 02 48 00	1017.44
2025 01 30 02 49 00	1017.43
2025 01 30 02 50 00	1017.44
2025 01 30 02 51 00	1017.44
2025 01 30 02 52 00	1017.45
2025 01 30 02 53 00	1017.47
2025 01 30 02 54 00	1017.49
2025 01 30 02 55 00	1017.51
2025 01 30 02 56 00	1017.52
2025 01 30 02 57 00	1017.53
2025 01 30 02 58 00	1017.55
2025 01 30 02 59 00	1017.55
2025 01 30 03 00 00	1017.58
2025 01 30 03 01 00	1017.59
2025 01 30 03 02 00	1017.61
2025 01 30 03 03 00	1017.62
2025 01 30 03 04 00	1017.64
2025 01 30 03 05 00	1017.67
2025 01 30 03 06 00	1017.68
2025 01 30 03 07 00	1017.67
2025 01 30 03 08 00	1017.69
2025 01 30 03 09 00	1017.72
2025 01 30 03 10 00	1017.73
2025 01 30 03 11 00	1017.75
2025 01 30 03 12 00	1017.76
2025 01 30 03 13 00	1017.75
2025 01 30 03 14 00	1017.74
2025 01 30 03 15 00	1017.74
2025 01 30 03 16 00	1017.74
2025 01 30 03 17 00	1017.76
2025 01 30 03 18 00	1017.77
2025 01 30 03 19 00	1017.78
2025 01 30 03 20 00	1017.77
2025 01 30 03 21 00	1017.77
2025 01 30 03 22 00	1017.77
2025 01 30 03 23 00	1017.75
2025 01 30 03 24 00	1017.76
2025 01 30 03 25 00	1017.74
2025 01 30 03 26 00	1017.73
2025 01 30 03 27 00	1017.70
2025 01 30 03 28 00	1017.69
2025 01 30 03 29 00	1017.68
2025 01 30 03 30 00	1017.67
2025 01 30 03 31 00	1017.66
2025 01 30 03 32 00	1017.69
2025 01 30 03 33 00	1017.68
2025 01 30 03 34 00	1017.70
2025 01 30 03 35 00	1017.73
2025 01 30 03 36 00	1017.76
2025 01 30 03 37 00	1017.77
2025 01 30 03 38 00	1017.78
2025 01 30 03 39 00	1017.78
2025 01 30 03 40 00	1017.80
2025 01 30 03 41 00	1017.79
2025 01 30 03 42 00	1017.81
2025 01 30 03 43 00	1017.84
2025 01 30 03 44 00	1017.83
2025 01 30 03 45 00	1017.84
2025 01 30 03 46 00	1017.86
2025 01 30 03 47 00	1017.88
2025 01 30 03 48 00	1017.89
2025 01 30 03 49 00	1017.90
2025 01 30 03 50 00	1017.88
2025 01 30 03 51 00	1017.89
2025 01 30 03 52 00	1017.87
2025 01 30 03 53 00	1017.86
2025 01 30 03 54 00	1017.86
2025 01 30 03 55 00	1017.85
2025 01 30 03 56 00	1017.87
2025 01 30 03 57 00	1017.88
2025 01 30 03 58 00	1017.90
2025 01 30 03 59 00	1017.92
2025 01 30 04 00 00	1017.93
2025 01 30 04 01 00	1017.93
2025 01 30 04 02 00	1017.95
2025 01 30 04 03 00	1017.98
2025 01 30 04 04 00	1017.98
2025 01 30 04 05 00	1018.01
2025 01 30 04 06 00	1018.02
2025 01 30 04 07 00	1018.03
2025 01 30 04 08 00	1018.06
2025 01 30 04 09 00	1018.08
2025 01 30 04 10 00	1018.10
2025 01 30 04 11 00	1018.13
2025 01 30 04 12 00	1018.13
2025 01 30 04 13 00	1018.14
2025 01 30 04 14 00	1018.16
2025 01 30 04 15 00	1018.16
2025 01 30 04 16 00	1018.17
2025 01 30 04 17 00	1018.17
2025 01 30 04 18 00	1018.19
2025 01 30 04 19 00	1018.17
2025 01 30 04 20 00	1018.17
2025 01 30 04 21 00	1018.16
2025 01 30 04 22 00	1018.18
2025 01 30 04 23 00	1018.16
2025 01 30 04 24 00	1018.16
2025 01 30 04 25 00	1018.16
2025 01 30 04 26 00	1018.16
2025 01 30 04 27 00	1018.15
2025 01 30 04 28 00	1018.16
2025 01 30 04 29 00	1018.15
2025 01 30 04 30 00	1018.15
2025 01 30 04 31 00	1018.15
2025 01 30 04 32 00	1018.15
2025 01 30 04 33 00	1018.14
2025 01 30 04 34 00	1018.16
2025 01 30 04 35 00	1018.16
2025 01 30 04 36 00	1018.20
2025 01 30 04 37 00	1018.23
2025 01 30 04 38 00	1018.24
2025 01 30 04 39 00	1018.26
2025 01 30 04 40 00	1018.25
2025 01 30 04 41 00	1018.26
2025 01 30 04 42 00	1018.27
2025 01 30 04 43 00	1018.28
2025 01 30 04 44 00	1018.31
2025 01 30 04 45 00	1018.29
2025 01 30 04 46 00	1018.30
2025 01 30 04 47 00	1018.30
2025 01 30 04 48 00	1018.31
2025 01 30 04 49 00	1018.32
2025 01 30 04 50 00	1018.30
2025 01 30 04 51 00	1018.32
2025 01 30 04 52 00	1018.32
2025 01 30 04 53 00	1018.30
2025 01 30 04 54 00	1018.30
2025 01 30 04 55 00	1018.32
2025 01 30 04 56 00	1018.33
2025 01 30 04 57 00	1018.35
2025 01 30 04 58 00	1018.35
2025 01 30 04 59 00	1018.39
2025 01 30 05 00 00	1018.41
2025 01 30 05 01 00	1018.42
2025 01 30 05 02 00	1018.44
2025 01 30 05 03 00	1018.46
2025 01 30 05 04 00	1018.46
2025 01 30 05 05 00	1018.47
2025 01 30 05 06 00	1018.47
2025 01 30 05 07 00	1018.46
2025 01 30 05 08 00	1018.47
2025 01 30 05 09 00	1018.46
2025 01 30 05 10 00	1018.45
2025 01 30 05 11 00	1018.45
2025 01 30 05 12 00	1018.43
2025 01 30 05 13 00	1018.45
2025 01 30 05 14 00	1018.44
2025 01 30 05 15 00	1018.42
2025 01 30 05 16 00	1018.43
2025 01 30 05 17 00	1018.41
2025 01 30 05 18 00	1018.40
2025 01 30 05 19 00	1018.41
2025 01 30 05 20 00	1018.38
2025 01 30 05 21 00	1018.39
2025 01 30 05 22 00	1018.39
2025 01 30 05 23 00	1018.39
2025 01 30 05 24 00	1018.40
2025 01 30 05 25 00	1018.41
2025 01 30 05 26 00	1018.43
2025 01 30 05 27 00	1018.45
2025 01 30 05 28 00	1018.45
2025 01 30 05 29 00	1018.45
2025 01 30 05 30 00	1018.47
2025 01 30 05 31 00	1018.45
2025 01 30 05 32 00	1018.43
2025 01 30 05 33 00	1018.42
2025 01 30 05 34 00	1018.37
2025 01 30 05 35 00	1018.34
2025 01 30 05 36 00	1018.33
2025 01 30 05 37 00	1018.33
2025 01 30 05 38 00	1018.31
2025 01 30 05 39 00	1018.31
2025 01 30 05 40 00	1018.32
2025 01 30 05 41 00	1018.31
2025 01 30 05 42 00	1018.32
2025 01 30 05 43 00	1018.32
2025 01 30 05 44 00	1018.31
2025 01 30 05 45 00	1018.30
2025 01 30 05 46 00	1018.28
2025 01 30 05 47 00	1018.27
2025 01 30 05 48 00	1018.23
2025 01 30 05 49 00	1018.23
2025 01 30 05 50 00	1018.23
2025 01 30 05 51 00	1018.23
2025 01 30 05 52 00	1018.25
2025 01 30 05 53 00	1018.26
2025 01 30 05 54 00	1018.24
2025 01 30 05 55 00	1018.27
2025 01 30 05 56 00	1018.30
2025 01 30 05 57 00	1018.31
2025 01 30 05 58 00	1018.32
2025 01 30 05 59 00	1018.30
2025 01 30 06 00 00	1018.31
2025 01 30 06 01 00	1018.31
2025 01 30 06 02 00	1018.33
2025 01 30 06 03 00	1018.32
2025 01 30 06 04 00	1018.31
2025 01 30 06 05 00	1018.32
2025 01 30 06 06 00	1018.32
2025 01 30 06 07 00	1018.34
2025 01 30 06 08 00	1018.34
2025 01 30 06 09 00	1018.36
2025 01 30 06 10 00	1018.37
2025 01 30 06 11 00	1018.37
2025 01 30 06 12 00	1018.38
2025 01 30 06 13 00	1018.38
2025 01 30 06 14 00	1018.41
2025 01 30 06 15 00	1018.44
2025 01 30 06 16 00	1018.46
2025 01 30 06 17 00	1018.47
2025 01 30 06 18 00	1018.49
2025 01 30 06 19 00	1018.51
2025 01 30 06 20 00	1018.51
2025 01 30 06 21 00	1018.52
2025 01 30 06 22 00	1018.53
2025 01 30 06 23 00	1018.53
2025 01 30 06 24 00	1018.54
2025 01 30 06 25 00	1018.53
2025 01 30 06 26 00	1018.53
2025 01 30 06 27 00	1018.52
2025 01 30 06 28 00	1018.51
2025 01 30 06 29 00	1018.52
2025 01 30 06 30 00	1018.52
2025 01 30 06 31 00	1018.52
2025 01 30 06 32 00	1018.51
2025 01 30 06 33 00	1018.50
2025 01 30 06 34 00	1018.50
2025 01 30 06 35 00	1018.49
2025 01 30 06 36 00	1018.50
2025 01 30 06 37 00	1018.53
2025 01 30 06 38 00	1018.54
2025 01 30 06 39 00	1018.57
2025 01 30 06 40 00	1018.55
2025 01 30 06 41 00	1018.57
2025 01 30 06 42 00	1018.57
2025 01 30 06 43 00	1018.57
2025 01 30 06 44 00	1018.59
2025 01 30 06 45 00	1018.59
2025 01 30 06 46 00	1018.60
2025 01 30 06 47 00	1018.60
2025 01 30 06 48 00	1018.60
2025 01 30 06 49 00	1018.61
2025 01 30 06 50 00	1018.61
2025 01 30 06 51 00	1018.60
2025 01 30 06 52 00	1018.57
2025 01 30 06 53 00	1018.59
2025 01 30 06 54 00	1018.58
2025 01 30 06 55 00	1018.59
2025 01 30 06 56 00	1018.59
2025 01 30 06 57 00	1018.59
2025 01 30 06 58 00	1018.61
2025 01 30 06 59 00	1018.63
2025 01 30 07 00 00	1018.65
2025 01 30 07 01 00	1018.65
2025 01 30 07 02 00	1018.65
2025 01 30 07 03 00	1018.66
2025 01 30 07 04 00	1018.67
2025 01 30 07 05 00	1018.68
2025 01 30 07 06 00	1018.68
2025 01 30 07 07 00	1018.69
2025 01 30 07 08 00	1018.67
2025 01 30 07 09 00	1018.68
2025 01 30 07 10 00	1018.69
2025 01 30 07 11 00	1018.70
2025 01 30 07 12 00	1018.71
2025 01 30 07 13 00	1018.73
2025 01 30 07 14 00	1018.73
2025 01 30 07 15 00	1018.75
2025 01 30 07 16 00	1018.77
2025 01 30 07 17 00	1018.78
2025 01 30 07 18 00	1018.80
2025 01 30 07 19 00	1018.81
2025 01 30 07 20 00	1018.82
2025 01 30 07 21 00	1018.82
2025 01 30 07 22 00	1018.82
2025 01 30 07 23 00	1018.81
2025 01 30 07 24 00	1018.82
2025 01 30 07 25 00	1018.81
2025 01 30 07 26 00	1018.80
2025 01 30 07 27 00	1018.78
2025 01 30 07 28 00	1018.79
2025 01 30 07 29 00	1018.80
2025 01 30 07 30 00	1018.77
2025 01 30 07 31 00	1018.79
2025 01 30 07 32 00	1018.80
2025 01 30 07 33 00	1018.80
2025 01 30 07 34 00	1018.80
2025 01 30 07 35 00	1018.80
2025 01 30 07 36 00	1018.80
2025 01 30 07 37 00	1018.81
2025 01 30 07 38 00	1018.77
2025 01 30 07 39 00	1018.77
2025 01 30 07 40 00	1018.76
2025 01 30 07 41 00	1018.76
2025 01 30 07 42 00	1018.72
2025 01 30 07 43 00	1018.73
2025 01 30 07 44 00	1018.73
2025 01 30 07 45 00	1018.73
2025 01 30 07 46 00	1018.73
2025 01 30 07 47 00	1018.74
2025 01 30 07 48 00	1018.72
2025 01 30 07 49 00	1018.73
2025 01 30 07 50 00	1018.72
2025 01 30 07 51 00	1018.73
2025 01 30 07 52 00	1018.73
2025 01 30 07 53 00	1018.71
2025 01 30 07 54 00	1018.71
2025 01 30 07 55 00	1018.68
2025 01 30 07 56 00	1018.68
2025 01 30 07 57 00	1018.66
2025 01 30 07 58 00	1018.63
2025 01 30 07 59 00	1018.64
2025 01 30 08 00 00	1018.61
2025 01 30 08 01 00	1018.62
2025 01 30 08 02 00	1018.60
2025 01 30 08 03 00	1018.63
2025 01 30 08 04 00	1018.64
2025 01 30 08 05 00	1018.64
2025 01 30 08 06 00	1018.67
2025 01 30 08 07 00	1018.67
2025 01 30 08 08 00	1018.66
2025 01 30 08 09 00	1018.68
2025 01 30 08 10 00	1018.68
2025 01 30 08 11 00	1018.67
2025 01 30 08 12 00	1018.69
2025 01 30 08 13 00	1018.70
2025 01 30 08 14 00	1018.72
2025 01 30 08 15 00	1018.73
2025 01 30 08 16 00	1018.76
2025 01 30 08 17 00	1018.75
2025 01 30 08 18 00	1018.74
2025 01 30 08 19 00	1018.75
2025 01 30 08 20 00	1018.74
2025 01 30 08 21 00	1018.75
2025 01 30 08 22 00	1018.73
2025 01 30 08 23 00	1018.73
2025 01 30 08 24 00	1018.76
2025 01 30 08 25 00	1018.76
2025 01 30 08 26 00	1018.78
2025 01 30 08 27 00	1018.78
2025 01 30 08 28 00	1018.79
2025 01 30 08 29 00	1018.78
2025 01 30 08 30 00	1018.76
2025 01 30 08 31 00	1018.78
2025 01 30 08 32 00	1018.80
2025 01 30 08 33 00	1018.80
2025 01 30 08 34 00	1018.79
2025 01 30 08 35 00	1018.79
2025 01 30 08 36 00	1018.80
2025 01 30 08 37 00	1018.79
2025 01 30 08 38 00	1018.79
2025 01 30 08 39 00	1018.78
2025 01 30 08 40 00	1018.76
2025 01 30 08 41 00	1018.77
2025 01 30 08 42 00	1018.76
2025 01 30 08 43 00	1018.76
2025 01 30 08 44 00	1018.77
2025 01 30 08 45 00	1018.79
2025 01 30 08 46 00	1018.80
2025 01 30 08 47 00	1018.81
2025 01 30 08 48 00	1018.80
2025 01 30 08 49 00	1018.81
2025 01 30 08 50 00	1018.82
2025 01 30 08 51 00	1018.82
2025 01 30 08 52 00	1018.79
2025 01 30 08 53 00	1018.80
2025 01 30 08 54 00	1018.82
2025 01 30 08 55 00	1018.81
2025 01 30 08 56 00	1018.82
2025 01 30 08 57 00	1018.82
2025 01 30 08 58 00	1018.85
2025 01 30 08 59 00	1018.86
2025 01 30 09 00 00	1018.87
2025 01 30 09 01 00	1018.88
2025 01 30 09 02 00	1018.87
2025 01 30 09 03 00	1018.87
2025 01 30 09 04 00	1018.87
2025 01 30 09 05 00	1018.88
2025 01 30 09 06 00	1018.88
2025 01 30 09 07 00	1018.89
2025 01 30 09 08 00	1018.90
2025 01 30 09 09 00	1018.91
2025 01 30 09 10 00	1018.93
2025 01 30 09 11 00	1018.95
2025 01 30 09 12 00	1018.96
2025 01 30 09 13 00	1018.96
2025 01 30 09 14 00	1018.98
2025 01 30 09 15 00	1018.99
2025 01 30 09 16 00	1018.99
2025 01 30 09 17 00	1018.99
2025 01 30 09 18 00	1019.01
2025 01 30 09 19 00	1019.01
2025 01 30 09 20 00	1019.04
2025 01 30 09 21 00	1019.05
2025 01 30 09 22 00	1019.05
2025 01 30 09 23 00	1019.09
2025 01 30 09 24 00	1019.11
2025 01 30 09 25 00	1019.11
2025 01 30 09 26 00	1019.10
2025 01 30 09 27 00	1019.09
2025 01 30 09 28 00	1019.10
2025 01 30 09 29 00	1019.11
2025 01 30 09 30 00	1019.10
2025 01 30 09 31 00	1019.10
2025 01 30 09 32 00	1019.11
2025 01 30 09 33 00	1019.09
2025 01 30 09 34 00	1019.08
2025 01 30 09 35 00	1019.07
2025 01 30 09 36 00	1019.05
2025 01 30 09 37 00	1019.04
2025 01 30 09 38 00	1019.01
2025 01 30 09 39 00	1019.00
2025 01 30 09 40 00	1018.98
2025 01 30 09 41 00	1018.99
2025 01 30 09 42 00	1018.99
2025 01 30 09 43 00	1018.99
2025 01 30 09 44 00	1019.01
2025 01 30 09 45 00	1019.02
2025 01 30 09 46 00	1019.03
2025 01 30 09 47 00	1019.03
2025 01 30 09 48 00	1019.05
2025 01 30 09 49 00	1019.07
2025 01 30 09 50 00	1019.05
2025 01 30 09 51 00	1019.06
2025 01 30 09 52 00	1019.04
2025 01 30 09 53 00	1019.02
2025 01 30 09 54 00	1019.02
2025 01 30 09 55 00	1019.01
2025 01 30 09 56 00	1019.01
2025 01 30 09 57 00	1019.00
2025 01 30 09 58 00	1019.00
2025 01 30 09 59 00	1018.99
2025 01 30 10 00 00	1018.99
2025 01 30 10 01 00	1018.97
2025 01 30 10 02 00	1018.98
2025 01 30 10 03 00	1018.97
2025 01 30 10 04 00	1018.96
2025 01 30 10 05 00	1018.98
2025 01 30 10 06 00	1018.96
2025 01 30 10 07 00	1018.96
2025 01 30 10 08 00	1018.93
2025 01 30 10 09 00	1018.93
2025 01 30 10 10 00	1018.92
2025 01 30 10 11 00	1018.92
2025 01 30 10 12 00	1018.92
2025 01 30 10 13 00	1018.90
2025 01 30 10 14 00	1018.91
2025 01 30 10 15 00	1018.90
2025 01 30 10 16 00	1018.91
2025 01 30 10 17 00	1018.92
2025 01 30 10 18 00	1018.90
2025 01 30 10 19 00	1018.91
2025 01 30 10 20 00	1018.90
2025 01 30 10 21 00	1018.92
2025 01 30 10 22 00	1018.93
2025 01 30 10 23 00	1018.93
2025 01 30 10 24 00	1018.92
2025 01 30 10 25 00	1018.91
2025 01 30 10 26 00	1018.92
2025 01 30 10 27 00	1018.90
2025 01 30 10 28 00	1018.90
2025 01 30 10 29 00	1018.90
2025 01 30 10 30 00	1018.88
2025 01 30 10 31 00	1018.88
2025 01 30 10 32 00	1018.85
2025 01 30 10 33 00	1018.86
2025 01 30 10 34 00	1018.86
2025 01 30 10 35 00	1018.84
2025 01 30 10 36 00	1018.86
2025 01 30 10 37 00	1018.84
2025 01 30 10 38 00	1018.85
2025 01 30 10 39 00	1018.84
2025 01 30 10 40 00	1018.84
2025 01 30 10 41 00	1018.84
2025 01 30 10 42 00	1018.85
2025 01 30 10 43 00	1018.85
2025 01 30 10 44 00	1018.84
2025 01 30 10 45 00	1018.85
2025 01 30 10 46 00	1018.81
2025 01 30 10 47 00	1018.79
2025 01 30 10 48 00	1018.80
2025 01 30 10 49 00	1018.77
2025 01 30 10 50 00	1018.76
2025 01 30 10 51 00	1018.76
2025 01 30 10 52 00	1018.76
2025 01 30 10 53 00	1018.75
2025 01 30 10 54 00	1018.75
2025 01 30 10 55 00	1018.75
2025 01 30 10 56 00	1018.76
2025 01 30 10 57 00	1018.74
2025 01 30 10 58 00	1018.74
2025 01 30 10 59 00	1018.72
2025 01 30 11 00 00	1018.70
2025 01 30 11 01 00	1018.69
2025 01 30 11 02 00	1018.69
2025 01 30 11 03 00	1018.70
2025 01 30 11 04 00	1018.69
2025 01 30 11 05 00	1018.68
2025 01 30 11 06 00	1018.66
2025 01 30 11 07 00	1018.67
2025 01 30 11 08 00	1018.69
2025 01 30 11 09 00	1018.67
2025 01 30 11 10 00	1018.66
2025 01 30 11 11 00	1018.67
2025 01 30 11 12 00	1018.68
2025 01 30 11 13 00	1018.67
2025 01 30 11 14 00	1018.64
2025 01 30 11 15 00	1018.64
2025 01 30 11 16 00	1018.60
2025 01 30 11 17 00	1018.59
2025 01 30 11 18 00	1018.57
2025 01 30 11 19 00	1018.58
2025 01 30 11 20 00	1018.58
2025 01 30 11 21 00	1018.58
2025 01 30 11 22 00	1018.60
2025 01 30 11 23 00	1018.59
2025 01 30 11 24 00	1018.59
2025 01 30 11 25 00	1018.60
2025 01 30 11 26 00	1018.61
2025 01 30 11 27 00	1018.60
2025 01 30 11 28 00	1018.58
2025 01 30 11 29 00	1018.61
2025 01 30 11 30 00	1018.60
2025 01 30 11 31 00	1018.57
2025 01 30 11 32 00	1018.57
2025 01 30 11 33 00	1018.56
2025 01 30 11 34 00	1018.55
2025 01 30 11 35 00	1018.53
2025 01 30 11 36 00	1018.51
2025 01 30 11 37 00	1018.53
2025 01 30 11 38 00	1018.53
2025 01 30 11 39 00	1018.54
2025 01 30 11 40 00	1018.55
2025 01 30 11 41 00	1018.57
2025 01 30 11 42 00	1018.57
2025 01 30 11 43 00	1018.56
2025 01 30 11 44 00	1018.54
2025 01 30 11 45 00	1018.57
2025 01 30 11 46 00	1018.55
2025 01 30 11 47 00	1018.54
2025 01 30 11 48 00	1018.54
2025 01 30 11 49 00	1018.55
2025 01 30 11 50 00	1018.54
2025 01 30 11 51 00	1018.54
2025 01 30 11 52 00	1018.55
2025 01 30 11 53 00	1018.55
2025 01 30 11 54 00	1018.57
2025 01 30 11 55 00	1018.59
2025 01 30 11 56 00	1018.60
2025 01 30 11 57 00	1018.62
2025 01 30 11 58 00	1018.61
2025 01 30 11 59 00	1018.61
2025 01 30 12 00 00	1018.60
2025 01 30 12 01 00	1018.59
2025 01 30 12 02 00	1018.57
2025 01 30 12 03 00	1018.58
2025 01 30 12 04 00	1018.58
2025 01 30 12 05 00	1018.58
2025 01 30 12 06 00	1018.60
2025 01 30 12 07 00	1018.59
2025 01 30 12 08 00	1018.60
2025 01 30 12 09 00	1018.60
2025 01 30 12 10 00	1018.60
2025 01 30 12 11 00	1018.62
2025 01 30 12 12 00	1018.62
2025 01 30 12 13 00	1018.63
2025 01 30 12 14 00	1018.64
2025 01 30 12 15 00	1018.63
2025 01 30 12 16 00	1018.63
2025 01 30 12 17 00	1018.64
2025 01 30 12 18 00	1018.62
2025 01 30 12 19 00	1018.61
2025 01 30 12 20 00	1018.60
2025 01 30 12 21 00	1018.58
2025 01 30 12 22 00	1018.57
2025 01 30 12 23 00	1018.57
2025 01 30 12 24 00	1018.57
2025 01 30 12 25 00	1018.57
2025 01 30 12 26 00	1018.57
2025 01 30 12 27 00	1018.57
2025 01 30 12 28 00	1018.57
2025 01 30 12 29 00	1018.56
2025 01 30 12 30 00	1018.58
2025 01 30 12 31 00	1018.60
2025 01 30 12 32 00	1018.60
2025 01 30 12 33 00	1018.59
2025 01 30 12 34 00	1018.59
2025 01 30 12 35 00	1018.59
2025 01 30 12 36 00	1018.59
2025 01 30 12 37 00	1018.62
2025 01 30 12 38 00	1018.60
2025 01 30 12 39 00	1018.61
2025 01 30 12 40 00	1018.60
2025 01 30 12 41 00	1018.58
2025 01 30 12 42 00	1018.59
2025 01 30 12 43 00	1018.58
2025 01 30 12 44 00	1018.56
2025 01 30 12 45 00	1018.56
2025 01 30 12 46 00	1018.54
2025 01 30 12 47 00	1018.53
2025 01 30 12 48 00	1018.52
2025 01 30 12 49 00	1018.52
2025 01 30 12 50 00	1018.52
2025 01 30 12 51 00	1018.51
2025 01 30 12 52 00	1018.50
2025 01 30 12 53 00	1018.51
2025 01 30 12 54 00	1018.52
2025 01 30 12 55 00	1018.51
2025 01 30 12 56 00	1018.50
2025 01 30 12 57 00	1018.52
2025 01 30 12 58 00	1018.49
2025 01 30 12 59 00	1018.46
2025 01 30 13 00 00	1018.44
2025 01 30 13 01 00	1018.42
2025 01 30 13 02 00	1018.41
2025 01 30 13 03 00	1018.41
2025 01 30 13 04 00	1018.37
2025 01 30 13 05 00	1018.36
2025 01 30 13 06 00	1018.34
2025 01 30 13 07 00	1018.35
2025 01 30 13 08 00	1018.35
2025 01 30 13 09 00	1018.35
2025 01 30 13 10 00	1018.36
2025 01 30 13 11 00	1018.36
2025 01 30 13 12 00	1018.35
2025 01 30 13 13 00	1018.34
2025 01 30 13 14 00	1018.33
2025 01 30 13 15 00	1018.34
2025 01 30 13 16 00	1018.34
2025 01 30 13 17 00	1018.35
2025 01 30 13 18 00	1018.35
2025 01 30 13 19 00	1018.37
2025 01 30 13 20 00	1018.39
2025 01 30 13 21 00	1018.39
2025 01 30 13 22 00	1018.41
2025 01 30 13 23 00	1018.39
2025 01 30 13 24 00	1018.38
2025 01 30 13 25 00	1018.39
2025 01 30 13 26 00	1018.38
2025 01 30 13 27 00	1018.37
2025 01 30 13 28 00	1018.38
2025 01 30 13 29 00	1018.37
2025 01 30 13 30 00	1018.39
2025 01 30 13 31 00	1018.39
2025 01 30 13 32 00	1018.40
2025 01 30 13 33 00	1018.42
2025 01 30 13 34 00	1018.41
2025 01 30 13 35 00	1018.40
2025 01 30 13 36 00	1018.41
2025 01 30 13 37 00	1018.38
2025 01 30 13 38 00	1018.39
2025 01 30 13 39 00	1018.37
2025 01 30 13 40 00	1018.37
2025 01 30 13 41 00	1018.37
2025 01 30 13 42 00	1018.36
2025 01 30 13 43 00	1018.37
2025 01 30 13 44 00	1018.38
2025 01 30 13 45 00	1018.38
2025 01 30 13 46 00	1018.38
2025 01 30 13 47 00	1018.38
2025 01 30 13 48 00	1018.39
2025 01 30 13 49 00	1018.40
2025 01 30 13 50 00	1018.41
2025 01 30 13 51 00	1018.39
2025 01 30 13 52 00	1018.39
2025 01 30 13 53 00	1018.38
2025 01 30 13 54 00	1018.39
2025 01 30 13 55 00	1018.40
2025 01 30 13 56 00	1018.39
2025 01 30 13 57 00	1018.40
2025 01 30 13 58 00	1018.38
2025 01 30 13 59 00	1018.37
2025 01 30 14 00 00	1018.39
2025 01 30 14 01 00	1018.39
2025 01 30 14 02 00	1018.39
2025 01 30 14 03 00	1018.39
2025 01 30 14 04 00	1018.38
2025 01 30 14 05 00	1018.40
2025 01 30 14 06 00	1018.39
2025 01 30 14 07 00	1018.40
2025 01 30 14 08 00	1018.39
2025 01 30 14 09 00	1018.39
2025 01 30 14 10 00	1018.38
2025 01 30 14 11 00	1018.36
2025 01 30 14 12 00	1018.38
2025 01 30 14 13 00	1018.36
2025 01 30 14 14 00	1018.37
2025 01 30 14 15 00	1018.38
2025 01 30 14 16 00	1018.38
2025 01 30 14 17 00	1018.38
2025 01 30 14 18 00	1018.39
2025 01 30 14 19 00	1018.39
2025 01 30 14 20 00	1018.37
2025 01 30 14 21 00	1018.38
2025 01 30 14 22 00	1018.40
2025 01 30 14 23 00	1018.38
2025 01 30 14 24 00	1018.40
2025 01 30 14 25 00	1018.40
2025 01 30 14 26 00	1018.40
2025 01 30 14 27 00	1018.42
2025 01 30 14 28 00	1018.43
2025 01 30 14 29 00	1018.42
2025 01 30 14 30 00	1018.42
2025 01 30 14 31 00	1018.43
2025 01 30 14 32 00	1018.45
2025 01 30 14 33 00	1018.45
2025 01 30 14 34 00	1018.45
2025 01 30 14 35 00	1018.46
2025 01 30 14 36 00	1018.48
2025 01 30 14 37 00	1018.51
2025 01 30 14 38 00	1018.52
2025 01 30 14 39 00	1018.53
2025 01 30 14 40 00	1018.54
2025 01 30 14 41 00	1018.56
2025 01 30 14 42 00	1018.58
2025 01 30 14 43 00	1018.57
2025 01 30 14 44 00	1018.59
2025 01 30 14 45 00	1018.61
2025 01 30 14 46 00	1018.62
2025 01 30 14 47 00	1018.65
2025 01 30 14 48 00	1018.66
2025 01 30 14 49 00	1018.66
2025 01 30 14 50 00	1018.68
2025 01 30 14 51 00	1018.68
2025 01 30 14 52 00	1018.68
2025 01 30 14 53 00	1018.71
2025 01 30 14 54 00	1018.73
2025 01 30 14 55 00	1018.74
2025 01 30 14 56 00	1018.75
2025 01 30 14 57 00	1018.76
2025 01 30 14 58 00	1018.79
2025 01 30 14 59 00	1018.81
2025 01 30 15 00 00	1018.81
2025 01 30 15 01 00	1018.84
2025 01 30 15 02 00	1018.83
2025 01 30 15 03 00	1018.83
2025 01 30 15 04 00	1018.84
2025 01 30 15 05 00	1018.84
2025 01 30 15 06 00	1018.84
2025 01 30 15 07 00	1018.86
2025 01 30 15 08 00	1018.87
2025 01 30 15 09 00	1018.87
2025 01 30 15 10 00	1018.87
2025 01 30 15 11 00	1018.87
2025 01 30 15 12 00	1018.87
2025 01 30 15 13 00	1018.88
2025 01 30 15 14 00	1018.90
2025 01 30 15 15 00	1018.91
2025 01 30 15 16 00	1018.94
2025 01 30 15 17 00	1018.94
2025 01 30 15 18 00	1018.93
2025 01 30 15 19 00	1018.94
2025 01 30 15 20 00	1018.94
2025 01 30 15 21 00	1018.96
2025 01 30 15 22 00	1018.97
2025 01 30 15 23 00	1018.98
2025 01 30 15 24 00	1018.98
2025 01 30 15 25 00	1018.98
2025 01 30 15 26 00	1018.98
2025 01 30 15 27 00	1019.01
2025 01 30 15 28 00	1019.02
2025 01 30 15 29 00	1019.04
2025 01 30 15 30 00	1019.06
2025 01 30 15 31 00	1019.08
2025 01 30 15 32 00	1019.10
2025 01 30 15 33 00	1019.09
2025 01 30 15 34 00	1019.09
2025 01 30 15 35 00	1019.11
2025 01 30 15 36 00	1019.13
2025 01 30 15 37 00	1019.13
2025 01 30 15 38 00	1019.16
2025 01 30 15 39 00	1019.15
2025 01 30 15 40 00	1019.16
2025 01 30 15 41 00	1019.17
2025 01 30 15 42 00	1019.18
2025 01 30 15 43 00	1019.17
2025 01 30 15 44 00	1019.17
2025 01 30 15 45 00	1019.17
2025 01 30 15 46 00	1019.17
2025 01 30 15 47 00	1019.19
2025 01 30 15 48 00	1019.21
2025 01 30 15 49 00	1019.20
2025 01 30 15 50 00	1019.21
2025 01 30 15 51 00	1019.22
2025 01 30 15 52 00	1019.21
2025 01 30 15 53 00	1019.23
2025 01 30 15 54 00	1019.23
2025 01 30 15 55 00	1019.22
2025 01 30 15 56 00	1019.22
2025 01 30 15 57 00	1019.22
2025 01 30 15 58 00	1019.20
2025 01 30 15 59 00	1019.20
2025 01 30 16 00 00	1019.22
2025 01 30 16 01 00	1019.25
2025 01 30 16 02 00	1019.23
2025 01 30 16 03 00	1019.25
2025 01 30 16 04 00	1019.26
2025 01 30 16 05 00	1019.29
2025 01 30 16 06 00	1019.29
2025 01 30 16 07 00	1019.29
2025 01 30 16 08 00	1019.30
2025 01 30 16 09 00	1019.32
2025 01 30 16 10 00	1019.33
2025 01 30 16 11 00	1019.33
2025 01 30 16 12 00	1019.36
2025 01 30 16 13 00	1019.37
2025 01 30 16 14 00	1019.37
2025 01 30 16 15 00	1019.39
2025 01 30 16 16 00	1019.41
2025 01 30 16 17 00	1019.41
2025 01 30 16 18 00	1019.43
2025 01 30 16 19 00	1019.44
2025 01 30 16 20 00	1019.44
2025 01 30 16 21 00	1019.46
2025 01 30 16 22 00	1019.46
2025 01 30 16 23 00	1019.48
2025 01 30 16 24 00	1019.48
2025 01 30 16 25 00	1019.50
2025 01 30 16 26 00	1019.49
2025 01 30 16 27 00	1019.51
2025 01 30 16 28 00	1019.53
2025 01 30 16 29 00	1019.53
2025 01 30 16 30 00	1019.56
2025 01 30 16 31 00	1019.56
2025 01 30 16 32 00	1019.59
2025 01 30 16 33 00	1019.63
2025 01 30 16 34 00	1019.66
2025 01 30 16 35 00	1019.66
2025 01 30 16 36 00	1019.66
2025 01 30 16 37 00	1019.69
2025 01 30 16 38 00	1019.68
2025 01 30 16 39 00	1019.71
2025 01 30 16 40 00	1019.74
2025 01 30 16 41 00	1019.77
2025 01 30 16 42 00	1019.79
2025 01 30 16 43 00	1019.82
2025 01 30 16 44 00	1019.86
2025 01 30 16 45 00	1019.88
2025 01 30 16 46 00	1019.89
2025 01 30 16 47 00	1019.90
2025 01 30 16 48 00	1019.91
2025 01 30 16 49 00	1019.90
2025 01 30 16 50 00	1019.91
2025 01 30 16 51 00	1019.93
2025 01 30 16 52 00	1019.94
2025 01 30 16 53 00	1019.95
2025 01 30 16 54 00	1019.97
2025 01 30 16 55 00	1020.00
2025 01 30 16 56 00	1020.00
2025 01 30 16 57 00	1020.02
2025 01 30 16 58 00	1020.01
2025 01 30 16 59 00	1020.04
2025 01 30 17 00 00	1020.05
2025 01 30 17 01 00	1020.09
2025 01 30 17 02 00	1020.09
2025 01 30 17 03 00	1020.11
2025 01 30 17 04 00	1020.11
2025 01 30 17 05 00	1020.13
2025 01 30 17 06 00	1020.15
2025 01 30 17 07 00	1020.15
2025 01 30 17 08 00	1020.16
2025 01 30 17 09 00	1020.17
2025 01 30 17 10 00	1020.18
2025 01 30 17 11 00	1020.18
2025 01 30 17 12 00	1020.19
2025 01 30 17 13 00	1020.18
2025 01 30 17 14 00	1020.16
2025 01 30 17 15 00	1020.15
2025 01 30 17 16 00	1020.15
2025 01 30 17 17 00	1020.18
2025 01 30 17 18 00	1020.17
2025 01 30 17 19 00	1020.18
2025 01 30 17 20 00	1020.16
2025 01 30 17 21 00	1020.20
2025 01 30 17 22 00	1020.19
2025 01 30 17 23 00	1020.21
2025 01 30 17 24 00	1020.22
2025 01 30 17 25 00	1020.21
2025 01 30 17 26 00	1020.23
2025 01 30 17 27 00	1020.23
2025 01 30 17 28 00	1020.23
2025 01 30 17 29 00	1020.23
2025 01 30 17 30 00	1020.24
2025 01 30 17 31 00	1020.24
2025 01 30 17 32 00	1020.24
2025 01 30 17 33 00	1020.26
2025 01 30 17 34 00	1020.28
2025 01 30 17 35 00	1020.27
2025 01 30 17 36 00	1020.31
2025 01 30 17 37 00	1020.31
2025 01 30 17 38 00	1020.32
2025 01 30 17 39 00	1020.34
2025 01 30 17 40 00	1020.35
2025 01 30 17 41 00	1020.34
2025 01 30 17 42 00	1020.36
2025 01 30 17 43 00	1020.37
2025 01 30 17 44 00	1020.37
2025 01 30 17 45 00	1020.37
2025 01 30 17 46 00	1020.37
2025 01 30 17 47 00	1020.36
2025 01 30 17 48 00	1020.35
2025 01 30 17 49 00	1020.35
2025 01 30 17 50 00	1020.35
2025 01 30 17 51 00	1020.36
2025 01 30 17 52 00	1020.37
2025 01 30 17 53 00	1020.37
2025 01 30 17 54 00	1020.38
2025 01 30 17 55 00	1020.37
2025 01 30 17 56 00	1020.37
2025 01 30 17 57 00	1020.37
2025 01 30 17 58 00	1020.36
2025 01 30 17 59 00	1020.37
2025 01 30 18 00 00	1020.38
2025 01 30 18 01 00	1020.39
2025 01 30 18 02 00	1020.40
2025 01 30 18 03 00	1020.39
2025 01 30 18 04 00	1020.40
2025 01 30 18 05 00	1020.39
2025 01 30 18 06 00	1020.41
2025 01 30 18 07 00	1020.39
2025 01 30 18 08 00	1020.39
2025 01 30 18 09 00	1020.39
2025 01 30 18 10 00	1020.39
2025 01 30 18 11 00	1020.38
2025 01 30 18 12 00	1020.37
2025 01 30 18 13 00	1020.36
2025 01 30 18 14 00	1020.38
2025 01 30 18 15 00	1020.39
2025 01 30 18 16 00	1020.40
2025 01 30 18 17 00	1020.40
2025 01 30 18 18 00	1020.43
2025 01 30 18 19 00	1020.45
2025 01 30 18 20 00	1020.47
2025 01 30 18 21 00	1020.47
2025 01 30 18 22 00	1020.48
2025 01 30 18 23 00	1020.48
2025 01 30 18 24 00	1020.49
2025 01 30 18 25 00	1020.51
2025 01 30 18 26 00	1020.53
2025 01 30 18 27 00	1020.54
2025 01 30 18 28 00	1020.56
2025 01 30 18 29 00	1020.55
2025 01 30 18 30 00	1020.55
2025 01 30 18 31 00	1020.55
2025 01 30 18 32 00	1020.55
2025 01 30 18 33 00	1020.59
2025 01 30 18 34 00	1020.59
2025 01 30 18 35 00	1020.61
2025 01 30 18 36 00	1020.62
2025 01 30 18 37 00	1020.62
2025 01 30 18 38 00	1020.63
2025 01 30 18 39 00	1020.64
2025 01 30 18 40 00	1020.65
2025 01 30 18 41 00	1020.68
2025 01 30 18 42 00	1020.67
2025 01 30 18 43 00	1020.68
2025 01 30 18 44 00	1020.69
2025 01 30 18 45 00	1020.71
2025 01 30 18 46 00	1020.72
2025 01 30 18 47 00	1020.73
2025 01 30 18 48 00	1020.73
2025 01 30 18 49 00	1020.72
2025 01 30 18 50 00	1020.72
2025 01 30 18 51 00	1020.73
2025 01 30 18 52 00	1020.72
2025 01 30 18 53 00	1020.75
2025 01 30 18 54 00	1020.76
2025 01 30 18 55 00	1020.76
2025 01 30 18 56 00	1020.78
2025 01 30 18 57 00	1020.79
2025 01 30 18 58 00	1020.80
2025 01 30 18 59 00	1020.82
2025 01 30 19 00 00	1020.83
2025 01 30 19 01 00	1020.83
2025 01 30 19 02 00	1020.83
2025 01 30 19 03 00	1020.84
2025 01 30 19 04 00	1020.87
2025 01 30 19 05 00	1020.87
2025 01 30 19 06 00	1020.88
2025 01 30 19 07 00	1020.88
2025 01 30 19 08 00	1020.87
2025 01 30 19 09 00	1020.87
2025 01 30 19 10 00	1020.88
2025 01 30 19 11 00	1020.88
2025 01 30 19 12 00	1020.86
2025 01 30 19 13 00	1020.88
2025 01 30 19 14 00	1020.93
2025 01 30 19 15 00	1020.95
2025 01 30 19 16 00	1020.98
2025 01 30 19 17 00	1020.97
2025 01 30 19 18 00	1021.00
2025 01 30 19 19 00	1021.01
2025 01 30 19 20 00	1021.00
2025 01 30 19 21 00	1021.03
2025 01 30 19 22 00	1021.04
2025 01 30 19 23 00	1021.04
2025 01 30 19 24 00	1021.05
2025 01 30 19 25 00	1021.09
2025 01 30 19 26 00	1021.10
2025 01 30 19 27 00	1021.11
2025 01 30 19 28 00	1021.12
2025 01 30 19 29 00	1021.14
2025 01 30 19 30 00	1021.16
2025 01 30 19 31 00	1021.16
2025 01 30 19 32 00	1021.17
2025 01 30 19 33 00	1021.19
2025 01 30 19 34 00	1021.19
2025 01 30 19 35 00	1021.20
2025 01 30 19 36 00	1021.20
2025 01 30 19 37 00	1021.22
2025 01 30 19 38 00	1021.25
2025 01 30 19 39 00	1021.27
2025 01 30 19 40 00	1021.28
2025 01 30 19 41 00	1021.31
2025 01 30 19 42 00	1021.33
2025 01 30 19 43 00	1021.35
2025 01 30 19 44 00	1021.39
2025 01 30 19 45 00	1021.42
2025 01 30 19 46 00	1021.43
2025 01 30 19 47 00	1021.43
2025 01 30 19 48 00	1021.43
2025 01 30 19 49 00	1021.45
2025 01 30 19 50 00	1021.44
2025 01 30 19 51 00	1021.46
2025 01 30 19 52 00	1021.51
2025 01 30 19 53 00	1021.53
2025 01 30 19 54 00	1021.56
2025 01 30 19 55 00	1021.58
2025 01 30 19 56 00	1021.60
2025 01 30 19 57 00	1021.61
2025 01 30 19 58 00	1021.61
2025 01 30 19 59 00	1021.62
2025 01 30 20 00 00	1021.65
2025 01 30 20 01 00	1021.67
2025 01 30 20 02 00	1021.70
2025 01 30 20 03 00	1021.73
2025 01 30 20 04 00	1021.73
2025 01 30 20 05 00	1021.73
2025 01 30 20 06 00	1021.73
2025 01 30 20 07 00	1021.74
2025 01 30 20 08 00	1021.77
2025 01 30 20 09 00	1021.74
2025 01 30 20 10 00	1021.75
2025 01 30 20 11 00	1021.73
2025 01 30 20 12 00	1021.73
2025 01 30 20 13 00	1021.73
2025 01 30 20 14 00	1021.74
2025 01 30 20 15 00	1021.75
2025 01 30 20 16 00	1021.77
2025 01 30 20 17 00	1021.78
2025 01 30 20 18 00	1021.80
2025 01 30 20 19 00	1021.79
2025 01 30 20 20 00	1021.81
2025 01 30 20 21 00	1021.82
2025 01 30 20 22 00	1021.81
2025 01 30 20 23 00	1021.80
2025 01 30 20 24 00	1021.78
2025 01 30 20 25 00	1021.75
2025 01 30 20 26 00	1021.76
2025 01 30 20 27 00	1021.78
2025 01 30 20 28 00	1021.79
2025 01 30 20 29 00	1021.81
2025 01 30 20 30 00	1021.83
2025 01 30 20 31 00	1021.83
2025 01 30 20 32 00	1021.84
2025 01 30 20 33 00	1021.83
2025 01 30 20 34 00	1021.84
2025 01 30 20 35 00	1021.84
2025 01 30 20 36 00	1021.84
2025 01 30 20 37 00	1021.83
2025 01 30 20 38 00	1021.86
2025 01 30 20 39 00	1021.86
2025 01 30 20 40 00	1021.85
2025 01 30 20 41 00	1021.86
2025 01 30 20 42 00	1021.85
2025 01 30 20 43 00	1021.84
2025 01 30 20 44 00	1021.82
2025 01 30 20 45 00	1021.82
2025 01 30 20 46 00	1021.81
2025 01 30 20 47 00	1021.79
2025 01 30 20 48 00	1021.79
2025 01 30 20 49 00	1021.78
2025 01 30 20 50 00	1021.80
2025 01 30 20 51 00	1021.80
2025 01 30 20 52 00	1021.81
2025 01 30 20 53 00	1021.80
2025 01 30 20 54 00	1021.81
2025 01 30 20 55 00	1021.83
2025 01 30 20 56 00	1021.82
2025 01 30 20 57 00	1021.86
2025 01 30 20 58 00	1021.88
2025 01 30 20 59 00	1021.90
2025 01 30 21 00 00	1021.90
2025 01 30 21 01 00	1021.90
2025 01 30 21 02 00	1021.90
2025 01 30 21 03 00	1021.88
2025 01 30 21 04 00	1021.89
2025 01 30 21 05 00	1021.87
2025 01 30 21 06 00	1021.89
2025 01 30 21 07 00	1021.88
2025 01 30 21 08 00	1021.87
2025 01 30 21 09 00	1021.85
2025 01 30 21 10 00	1021.86
2025 01 30 21 11 00	1021.86
2025 01 30 21 12 00	1021.86
2025 01 30 21 13 00	1021.86
2025 01 30 21 14 00	1021.85
2025 01 30 21 15 00	1021.87
2025 01 30 21 16 00	1021.85
2025 01 30 21 17 00	1021.85
2025 01 30 21 18 00	1021.86
2025 01 30 21 19 00	1021.86
2025 01 30 21 20 00	1021.86
2025 01 30 21 21 00	1021.87
2025 01 30 21 22 00	1021.86
2025 01 30 21 23 00	1021.87
2025 01 30 21 24 00	1021.85
2025 01 30 21 25 00	1021.87
2025 01 30 21 26 00	1021.85
2025 01 30 21 27 00	1021.86
2025 01 30 21 28 00	1021.87
2025 01 30 21 29 00	1021.85
2025 01 30 21 30 00	1021.83
2025 01 30 21 31 00	1021.84
2025 01 30 21 32 00	1021.84
2025 01 30 21 33 00	1021.83
2025 01 30 21 34 00	1021.85
2025 01 30 21 35 00	1021.83
2025 01 30 21 36 00	1021.85
2025 01 30 21 37 00	1021.85
2025 01 30 21 38 00	1021.85
2025 01 30 21 39 00	1021.83
2025 01 30 21 40 00	1021.84
2025 01 30 21 41 00	1021.84
2025 01 30 21 42 00	1021.83
2025 01 30 21 43 00	1021.84
2025 01 30 21 44 00	1021.85
2025 01 30 21 45 00	1021.85
2025 01 30 21 46 00	1021.88
2025 01 30 21 47 00	1021.85
2025 01 30 21 48 00	1021.88
2025 01 30 21 49 00	1021.87
2025 01 30 21 50 00	1021.88
2025 01 30 21 51 00	1021.88
2025 01 30 21 52 00	1021.89
2025 01 30 21 53 00	1021.90
2025 01 30 21 54 00	1021.88
2025 01 30 21 55 00	1021.90
2025 01 30 21 56 00	1021.89
2025 01 30 21 57 00	1021.90
2025 01 30 21 58 00	1021.90
2025 01 30 21 59 00	1021.91
2025 01 30 22 00 00	1021.92
2025 01 30 22 01 00	1021.94
2025 01 30 22 02 00	1021.95
2025 01 30 22 03 00	1021.97
2025 01 30 22 04 00	1021.98
2025 01 30 22 05 00	1022.00
2025 01 30 22 06 00	1022.01
2025 01 30 22 07 00	1022.01
2025 01 30 22 08 00	1022.02
2025 01 30 22 09 00	1022.04
2025 01 30 22 10 00	1022.03
2025 01 30 22 11 00	1022.07
2025 01 30 22 12 00	1022.08
2025 01 30 22 13 00	1022.11
2025 01 30 22 14 00	1022.12
2025 01 30 22 15 00	1022.14
2025 01 30 22 16 00	1022.12
2025 01 30 22 17 00	1022.15
2025 01 30 22 18 00	1022.13
2025 01 30 22 19 00	1022.14
2025 01 30 22 20 00	1022.13
2025 01 30 22 21 00	1022.14
2025 01 30 22 22 00	1022.14
2025 01 30 22 23 00	1022.16
2025 01 30 22 24 00	1022.18
2025 01 30 22 25 00	1022.18
2025 01 30 22 26 00	1022.19
2025 01 30 22 27 00	1022.18
2025 01 30 22 28 00	1022.18
2025 01 30 22 29 00	1022.19
2025 01 30 22 30 00	1022.20
2025 01 30 22 31 00	1022.22
2025 01 30 22 32 00	1022.23
2025 01 30 22 33 00	1022.23
2025 01 30 22 34 00	1022.26
2025 01 30 22 35 00	1022.25
2025 01 30 22 36 00	1022.26
2025 01 30 22 37 00	1022.25
2025 01 30 22 38 00	1022.27
2025 01 30 22 39 00	1022.27
2025 01 30 22 40 00	1022.29
2025 01 30 22 41 00	1022.32
2025 01 30 22 42 00	1022.34
2025 01 30 22 43 00	1022.36
2025 01 30 22 44 00	1022.38
2025 01 30 22 45 00	1022.40
2025 01 30 22 46 00	1022.42
2025 01 30 22 47 00	1022.43
2025 01 30 22 48 00	1022.44
2025 01 30 22 49 00	1022.42
2025 01 30 22 50 00	1022.43
2025 01 30 22 51 00	1022.40
2025 01 30 22 52 00	1022.40
2025 01 30 22 53 00	1022.40
2025 01 30 22 54 00	1022.40
2025 01 30 22 55 00	1022.38
2025 01 30 22 56 00	1022.39
2025 01 30 22 57 00	1022.36
2025 01 30 22 58 00	1022.40
2025 01 30 22 59 00	1022.40
2025 01 30 23 00 00	1022.39
2025 01 30 23 01 00	1022.39
2025 01 30 23 02 00	1022.39
2025 01 30 23 03 00	1022.40
2025 01 30 23 04 00	1022.42
2025 01 30 23 05 00	1022.43
2025 01 30 23 06 00	1022.45
2025 01 30 23 07 00	1022.46
2025 01 30 23 08 00	1022.48
2025 01 30 23 09 00	1022.50
2025 01 30 23 10 00	1022.51
2025 01 30 23 11 00	1022.52
2025 01 30 23 12 00	1022.50
2025 01 30 23 13 00	1022.50
2025 01 30 23 14 00	1022.50
2025 01 30 23 15 00	1022.50
2025 01 30 23 16 00	1022.50
2025 01 30 23 17 00	1022.50
2025 01 30 23 18 00	1022.49
2025 01 30 23 19 00	1022.48
2025 01 30 23 20 00	1022.48
2025 01 30 23 21 00	1022.50
2025 01 30 23 22 00	1022.51
2025 01 30 23 23 00	1022.52
2025 01 30 23 24 00	1022.52
2025 01 30 23 25 00	1022.50
2025 01 30 23 26 00	1022.48
2025 01 30 23 27 00	1022.48
2025 01 30 23 28 00	1022.49
2025 01 30 23 29 00	1022.49
2025 01 30 23 30 00	1022.48
2025 01 30 23 31 00	1022.48
2025 01 30 23 32 00	1022.48
2025 01 30 23 33 00	1022.51
2025 01 30 23 34 00	1022.50
2025 01 30 23 35 00	1022.49
2025 01 30 23 36 00	1022.51
2025 01 30 23 37 00	1022.51
2025 01 30 23 38 00	1022.53
2025 01 30 23 39 00	1022.54
2025 01 30 23 40 00	1022.57
2025 01 30 23 41 00	1022.60
2025 01 30 23 42 00	1022.62
2025 01 30 23 43 00	1022.64
2025 01 30 23 44 00	1022.66
2025 01 30 23 45 00	1022.68
2025 01 30 23 46 00	1022.66
2025 01 30 23 47 00	1022.68
2025 01 30 23 48 00	1022.67
2025 01 30 23 49 00	1022.70
2025 01 30 23 50 00	1022.69
2025 01 30 23 51 00	1022.70
2025 01 30 23 52 00	1022.71
2025 01 30 23 53 00	1022.70
2025 01 30 23 54 00	1022.71
2025 01 30 23 55 00	1022.75
2025 01 30 23 56 00	1022.75
2025 01 30 23 57 00	1022.77
2025 01 30 23 58 00	1022.78
2025 01 30 23 59 00	1022.80