2025 02 23 00 00 00	1028.63
2025 02 23 00 01 00	1028.60
2025 02 23 00 02 00	1028.59
2025 02 23 00 03 00	1028.57
2025 02 23 00 04 00	1028.57
2025 02 23 00 05 00	1028.60
2025 02 23 00 06 00	1028.61
2025 02 23 00 07 00	1028.60
2025 02 23 00 08 00	1028.57
2025 02 23 00 09 00	1028.56
2025 02 23 00 10 00	1028.52
2025 02 23 00 11 00	1028.54
2025 02 23 00 12 00	1028.59
2025 02 23 00 13 00	1028.63
2025 02 23 00 14 00	1028.62
2025 02 23 00 15 00	1028.64
2025 02 23 00 16 00	1028.64
2025 02 23 00 17 00	1028.68
2025 02 23 00 18 00	1028.69
2025 02 23 00 19 00	1028.70
2025 02 23 00 20 00	1028.69
2025 02 23 00 21 00	1028.71
2025 02 23 00 22 00	1028.72
2025 02 23 00 23 00	1028.72
2025 02 23 00 24 00	1028.71
2025 02 23 00 25 00	1028.74
2025 02 23 00 26 00	1028.73
2025 02 23 00 27 00	1028.75
2025 02 23 00 28 00	1028.75
2025 02 23 00 29 00	1028.76
2025 02 23 00 30 00	1028.75
2025 02 23 00 31 00	1028.76
2025 02 23 00 32 00	1028.75
2025 02 23 00 33 00	1028.74
2025 02 23 00 34 00	1028.74
2025 02 23 00 35 00	1028.73
2025 02 23 00 36 00	1028.74
2025 02 23 00 37 00	1028.75
2025 02 23 00 38 00	1028.75
2025 02 23 00 39 00	1028.76
2025 02 23 00 40 00	1028.77
2025 02 23 00 41 00	1028.78
2025 02 23 00 42 00	1028.78
2025 02 23 00 43 00	1028.78
2025 02 23 00 44 00	1028.79
2025 02 23 00 45 00	1028.79
2025 02 23 00 46 00	1028.78
2025 02 23 00 47 00	1028.77
2025 02 23 00 48 00	1028.78
2025 02 23 00 49 00	1028.79
2025 02 23 00 50 00	1028.82
2025 02 23 00 51 00	1028.82
2025 02 23 00 52 00	1028.83
2025 02 23 00 53 00	1028.84
2025 02 23 00 54 00	1028.85
2025 02 23 00 55 00	1028.86
2025 02 23 00 56 00	1028.86
2025 02 23 00 57 00	1028.88
2025 02 23 00 58 00	1028.89
2025 02 23 00 59 00	1028.91
2025 02 23 01 00 00	1028.88
2025 02 23 01 01 00	1028.89
2025 02 23 01 02 00	1028.89
2025 02 23 01 03 00	1028.89
2025 02 23 01 04 00	1028.86
2025 02 23 01 05 00	1028.86
2025 02 23 01 06 00	1028.84
2025 02 23 01 07 00	1028.82
2025 02 23 01 08 00	1028.81
2025 02 23 01 09 00	1028.81
2025 02 23 01 10 00	1028.83
2025 02 23 01 11 00	1028.84
2025 02 23 01 12 00	1028.86
2025 02 23 01 13 00	1028.86
2025 02 23 01 14 00	1028.88
2025 02 23 01 15 00	1028.87
2025 02 23 01 16 00	1028.87
2025 02 23 01 17 00	1028.89
2025 02 23 01 18 00	1028.87
2025 02 23 01 19 00	1028.88
2025 02 23 01 20 00	1028.89
2025 02 23 01 21 00	1028.89
2025 02 23 01 22 00	1028.90
2025 02 23 01 23 00	1028.94
2025 02 23 01 24 00	1028.94
2025 02 23 01 25 00	1028.96
2025 02 23 01 26 00	1028.94
2025 02 23 01 27 00	1028.93
2025 02 23 01 28 00	1028.90
2025 02 23 01 29 00	1028.87
2025 02 23 01 30 00	1028.84
2025 02 23 01 31 00	1028.86
2025 02 23 01 32 00	1028.91
2025 02 23 01 33 00	1028.94
2025 02 23 01 34 00	1028.98
2025 02 23 01 35 00	1028.99
2025 02 23 01 36 00	1029.00
2025 02 23 01 37 00	1028.99
2025 02 23 01 38 00	1028.97
2025 02 23 01 39 00	1028.95
2025 02 23 01 40 00	1028.94
2025 02 23 01 41 00	1028.92
2025 02 23 01 42 00	1028.91
2025 02 23 01 43 00	1028.91
2025 02 23 01 44 00	1028.89
2025 02 23 01 45 00	1028.90
2025 02 23 01 46 00	1028.90
2025 02 23 01 47 00	1028.91
2025 02 23 01 48 00	1028.91
2025 02 23 01 49 00	1028.92
2025 02 23 01 50 00	1028.93
2025 02 23 01 51 00	1028.92
2025 02 23 01 52 00	1028.91
2025 02 23 01 53 00	1028.90
2025 02 23 01 54 00	1028.92
2025 02 23 01 55 00	1028.91
2025 02 23 01 56 00	1028.90
2025 02 23 01 57 00	1028.91
2025 02 23 01 58 00	1028.91
2025 02 23 01 59 00	1028.90
2025 02 23 02 00 00	1028.91
2025 02 23 02 01 00	1028.89
2025 02 23 02 02 00	1028.88
2025 02 23 02 03 00	1028.90
2025 02 23 02 04 00	1028.89
2025 02 23 02 05 00	1028.91
2025 02 23 02 06 00	1028.90
2025 02 23 02 07 00	1028.90
2025 02 23 02 08 00	1028.89
2025 02 23 02 09 00	1028.91
2025 02 23 02 10 00	1028.91
2025 02 23 02 11 00	1028.91
2025 02 23 02 12 00	1028.90
2025 02 23 02 13 00	1028.89
2025 02 23 02 14 00	1028.89
2025 02 23 02 15 00	1028.88
2025 02 23 02 16 00	1028.87
2025 02 23 02 17 00	1028.90
2025 02 23 02 18 00	1028.90
2025 02 23 02 19 00	1028.91
2025 02 23 02 20 00	1028.91
2025 02 23 02 21 00	1028.90
2025 02 23 02 22 00	1028.89
2025 02 23 02 23 00	1028.91
2025 02 23 02 24 00	1028.90
2025 02 23 02 25 00	1028.90
2025 02 23 02 26 00	1028.92
2025 02 23 02 27 00	1028.92
2025 02 23 02 28 00	1028.92
2025 02 23 02 29 00	1028.92
2025 02 23 02 30 00	1028.93
2025 02 23 02 31 00	1028.92
2025 02 23 02 32 00	1028.96
2025 02 23 02 33 00	1028.96
2025 02 23 02 34 00	1028.96
2025 02 23 02 35 00	1028.98
2025 02 23 02 36 00	1028.97
2025 02 23 02 37 00	1028.97
2025 02 23 02 38 00	1028.97
2025 02 23 02 39 00	1028.98
2025 02 23 02 40 00	1028.98
2025 02 23 02 41 00	1028.99
2025 02 23 02 42 00	1029.00
2025 02 23 02 43 00	1029.02
2025 02 23 02 44 00	1029.03
2025 02 23 02 45 00	1029.03
2025 02 23 02 46 00	1029.04
2025 02 23 02 47 00	1029.06
2025 02 23 02 48 00	1029.06
2025 02 23 02 49 00	1029.06
2025 02 23 02 50 00	1029.07
2025 02 23 02 51 00	1029.06
2025 02 23 02 52 00	1029.06
2025 02 23 02 53 00	1029.06
2025 02 23 02 54 00	1029.06
2025 02 23 02 55 00	1029.07
2025 02 23 02 56 00	1029.08
2025 02 23 02 57 00	1029.11
2025 02 23 02 58 00	1029.12
2025 02 23 02 59 00	1029.10
2025 02 23 03 00 00	1029.11
2025 02 23 03 01 00	1029.10
2025 02 23 03 02 00	1029.11
2025 02 23 03 03 00	1029.11
2025 02 23 03 04 00	1029.11
2025 02 23 03 05 00	1029.11
2025 02 23 03 06 00	1029.11
2025 02 23 03 07 00	1029.11
2025 02 23 03 08 00	1029.11
2025 02 23 03 09 00	1029.11
2025 02 23 03 10 00	1029.10
2025 02 23 03 11 00	1029.10
2025 02 23 03 12 00	1029.09
2025 02 23 03 13 00	1029.10
2025 02 23 03 14 00	1029.09
2025 02 23 03 15 00	1029.11
2025 02 23 03 16 00	1029.10
2025 02 23 03 17 00	1029.10
2025 02 23 03 18 00	1029.10
2025 02 23 03 19 00	1029.11
2025 02 23 03 20 00	1029.11
2025 02 23 03 21 00	1029.12
2025 02 23 03 22 00	1029.12
2025 02 23 03 23 00	1029.12
2025 02 23 03 24 00	1029.12
2025 02 23 03 25 00	1029.11
2025 02 23 03 26 00	1029.11
2025 02 23 03 27 00	1029.10
2025 02 23 03 28 00	1029.10
2025 02 23 03 29 00	1029.10
2025 02 23 03 30 00	1029.09
2025 02 23 03 31 00	1029.10
2025 02 23 03 32 00	1029.12
2025 02 23 03 33 00	1029.10
2025 02 23 03 34 00	1029.11
2025 02 23 03 35 00	1029.11
2025 02 23 03 36 00	1029.12
2025 02 23 03 37 00	1029.15
2025 02 23 03 38 00	1029.16
2025 02 23 03 39 00	1029.18
2025 02 23 03 40 00	1029.19
2025 02 23 03 41 00	1029.20
2025 02 23 03 42 00	1029.20
2025 02 23 03 43 00	1029.20
2025 02 23 03 44 00	1029.19
2025 02 23 03 45 00	1029.19
2025 02 23 03 46 00	1029.20
2025 02 23 03 47 00	1029.21
2025 02 23 03 48 00	1029.20
2025 02 23 03 49 00	1029.21
2025 02 23 03 50 00	1029.21
2025 02 23 03 51 00	1029.21
2025 02 23 03 52 00	1029.24
2025 02 23 03 53 00	1029.25
2025 02 23 03 54 00	1029.25
2025 02 23 03 55 00	1029.24
2025 02 23 03 56 00	1029.24
2025 02 23 03 57 00	1029.26
2025 02 23 03 58 00	1029.27
2025 02 23 03 59 00	1029.25
2025 02 23 04 00 00	1029.26
2025 02 23 04 01 00	1029.27
2025 02 23 04 02 00	1029.27
2025 02 23 04 03 00	1029.27
2025 02 23 04 04 00	1029.27
2025 02 23 04 05 00	1029.28
2025 02 23 04 06 00	1029.30
2025 02 23 04 07 00	1029.29
2025 02 23 04 08 00	1029.28
2025 02 23 04 09 00	1029.31
2025 02 23 04 10 00	1029.31
2025 02 23 04 11 00	1029.30
2025 02 23 04 12 00	1029.30
2025 02 23 04 13 00	1029.32
2025 02 23 04 14 00	1029.30
2025 02 23 04 15 00	1029.31
2025 02 23 04 16 00	1029.31
2025 02 23 04 17 00	1029.30
2025 02 23 04 18 00	1029.31
2025 02 23 04 19 00	1029.30
2025 02 23 04 20 00	1029.29
2025 02 23 04 21 00	1029.29
2025 02 23 04 22 00	1029.31
2025 02 23 04 23 00	1029.31
2025 02 23 04 24 00	1029.33
2025 02 23 04 25 00	1029.34
2025 02 23 04 26 00	1029.34
2025 02 23 04 27 00	1029.34
2025 02 23 04 28 00	1029.34
2025 02 23 04 29 00	1029.34
2025 02 23 04 30 00	1029.35
2025 02 23 04 31 00	1029.37
2025 02 23 04 32 00	1029.35
2025 02 23 04 33 00	1029.36
2025 02 23 04 34 00	1029.36
2025 02 23 04 35 00	1029.35
2025 02 23 04 36 00	1029.35
2025 02 23 04 37 00	1029.34
2025 02 23 04 38 00	1029.33
2025 02 23 04 39 00	1029.36
2025 02 23 04 40 00	1029.35
2025 02 23 04 41 00	1029.35
2025 02 23 04 42 00	1029.35
2025 02 23 04 43 00	1029.34
2025 02 23 04 44 00	1029.35
2025 02 23 04 45 00	1029.35
2025 02 23 04 46 00	1029.38
2025 02 23 04 47 00	1029.40
2025 02 23 04 48 00	1029.41
2025 02 23 04 49 00	1029.40
2025 02 23 04 50 00	1029.42
2025 02 23 04 51 00	1029.43
2025 02 23 04 52 00	1029.45
2025 02 23 04 53 00	1029.45
2025 02 23 04 54 00	1029.47
2025 02 23 04 55 00	1029.48
2025 02 23 04 56 00	1029.49
2025 02 23 04 57 00	1029.49
2025 02 23 04 58 00	1029.51
2025 02 23 04 59 00	1029.51
2025 02 23 05 00 00	1029.52
2025 02 23 05 01 00	1029.52
2025 02 23 05 02 00	1029.52
2025 02 23 05 03 00	1029.53
2025 02 23 05 04 00	1029.52
2025 02 23 05 05 00	1029.50
2025 02 23 05 06 00	1029.49
2025 02 23 05 07 00	1029.50
2025 02 23 05 08 00	1029.51
2025 02 23 05 09 00	1029.51
2025 02 23 05 10 00	1029.51
2025 02 23 05 11 00	1029.51
2025 02 23 05 12 00	1029.51
2025 02 23 05 13 00	1029.48
2025 02 23 05 14 00	1029.49
2025 02 23 05 15 00	1029.49
2025 02 23 05 16 00	1029.48
2025 02 23 05 17 00	1029.48
2025 02 23 05 18 00	1029.50
2025 02 23 05 19 00	1029.50
2025 02 23 05 20 00	1029.49
2025 02 23 05 21 00	1029.49
2025 02 23 05 22 00	1029.50
2025 02 23 05 23 00	1029.52
2025 02 23 05 24 00	1029.53
2025 02 23 05 25 00	1029.54
2025 02 23 05 26 00	1029.55
2025 02 23 05 27 00	1029.57
2025 02 23 05 28 00	1029.58
2025 02 23 05 29 00	1029.59
2025 02 23 05 30 00	1029.61
2025 02 23 05 31 00	1029.62
2025 02 23 05 32 00	1029.61
2025 02 23 05 33 00	1029.63
2025 02 23 05 34 00	1029.62
2025 02 23 05 35 00	1029.63
2025 02 23 05 36 00	1029.62
2025 02 23 05 37 00	1029.62
2025 02 23 05 38 00	1029.63
2025 02 23 05 39 00	1029.63
2025 02 23 05 40 00	1029.64
2025 02 23 05 41 00	1029.63
2025 02 23 05 42 00	1029.61
2025 02 23 05 43 00	1029.62
2025 02 23 05 44 00	1029.63
2025 02 23 05 45 00	1029.63
2025 02 23 05 46 00	1029.62
2025 02 23 05 47 00	1029.63
2025 02 23 05 48 00	1029.62
2025 02 23 05 49 00	1029.62
2025 02 23 05 50 00	1029.61
2025 02 23 05 51 00	1029.61
2025 02 23 05 52 00	1029.64
2025 02 23 05 53 00	1029.65
2025 02 23 05 54 00	1029.65
2025 02 23 05 55 00	1029.66
2025 02 23 05 56 00	1029.66
2025 02 23 05 57 00	1029.67
2025 02 23 05 58 00	1029.68
2025 02 23 05 59 00	1029.68
2025 02 23 06 00 00	1029.68
2025 02 23 06 01 00	1029.68
2025 02 23 06 02 00	1029.70
2025 02 23 06 03 00	1029.68
2025 02 23 06 04 00	1029.68
2025 02 23 06 05 00	1029.69
2025 02 23 06 06 00	1029.68
2025 02 23 06 07 00	1029.67
2025 02 23 06 08 00	1029.69
2025 02 23 06 09 00	1029.70
2025 02 23 06 10 00	1029.70
2025 02 23 06 11 00	1029.71
2025 02 23 06 12 00	1029.73
2025 02 23 06 13 00	1029.73
2025 02 23 06 14 00	1029.76
2025 02 23 06 15 00	1029.76
2025 02 23 06 16 00	1029.77
2025 02 23 06 17 00	1029.79
2025 02 23 06 18 00	1029.79
2025 02 23 06 19 00	1029.79
2025 02 23 06 20 00	1029.80
2025 02 23 06 21 00	1029.80
2025 02 23 06 22 00	1029.81
2025 02 23 06 23 00	1029.81
2025 02 23 06 24 00	1029.84
2025 02 23 06 25 00	1029.84
2025 02 23 06 26 00	1029.85
2025 02 23 06 27 00	1029.86
2025 02 23 06 28 00	1029.88
2025 02 23 06 29 00	1029.87
2025 02 23 06 30 00	1029.87
2025 02 23 06 31 00	1029.88
2025 02 23 06 32 00	1029.89
2025 02 23 06 33 00	1029.89
2025 02 23 06 34 00	1029.89
2025 02 23 06 35 00	1029.92
2025 02 23 06 36 00	1029.92
2025 02 23 06 37 00	1029.92
2025 02 23 06 38 00	1029.94
2025 02 23 06 39 00	1029.94
2025 02 23 06 40 00	1029.93
2025 02 23 06 41 00	1029.92
2025 02 23 06 42 00	1029.93
2025 02 23 06 43 00	1029.92
2025 02 23 06 44 00	1029.93
2025 02 23 06 45 00	1029.94
2025 02 23 06 46 00	1029.94
2025 02 23 06 47 00	1029.97
2025 02 23 06 48 00	1029.96
2025 02 23 06 49 00	1029.96
2025 02 23 06 50 00	1029.96
2025 02 23 06 51 00	1029.96
2025 02 23 06 52 00	1029.96
2025 02 23 06 53 00	1029.97
2025 02 23 06 54 00	1029.97
2025 02 23 06 55 00	1029.99
2025 02 23 06 56 00	1029.99
2025 02 23 06 57 00	1030.00
2025 02 23 06 58 00	1030.02
2025 02 23 06 59 00	1030.01
2025 02 23 07 00 00	1030.02
2025 02 23 07 01 00	1030.03
2025 02 23 07 02 00	1030.03
2025 02 23 07 03 00	1030.04
2025 02 23 07 04 00	1030.04
2025 02 23 07 05 00	1030.04
2025 02 23 07 06 00	1030.05
2025 02 23 07 07 00	1030.03
2025 02 23 07 08 00	1030.03
2025 02 23 07 09 00	1030.03
2025 02 23 07 10 00	1030.03
2025 02 23 07 11 00	1030.03
2025 02 23 07 12 00	1030.05
2025 02 23 07 13 00	1030.06
2025 02 23 07 14 00	1030.09
2025 02 23 07 15 00	1030.07
2025 02 23 07 16 00	1030.08
2025 02 23 07 17 00	1030.10
2025 02 23 07 18 00	1030.09
2025 02 23 07 19 00	1030.11
2025 02 23 07 20 00	1030.11
2025 02 23 07 21 00	1030.12
2025 02 23 07 22 00	1030.12
2025 02 23 07 23 00	1030.11
2025 02 23 07 24 00	1030.10
2025 02 23 07 25 00	1030.13
2025 02 23 07 26 00	1030.13
2025 02 23 07 27 00	1030.16
2025 02 23 07 28 00	1030.18
2025 02 23 07 29 00	1030.19
2025 02 23 07 30 00	1030.20
2025 02 23 07 31 00	1030.21
2025 02 23 07 32 00	1030.21
2025 02 23 07 33 00	1030.20
2025 02 23 07 34 00	1030.21
2025 02 23 07 35 00	1030.20
2025 02 23 07 36 00	1030.20
2025 02 23 07 37 00	1030.21
2025 02 23 07 38 00	1030.22
2025 02 23 07 39 00	1030.22
2025 02 23 07 40 00	1030.21
2025 02 23 07 41 00	1030.21
2025 02 23 07 42 00	1030.22
2025 02 23 07 43 00	1030.21
2025 02 23 07 44 00	1030.20
2025 02 23 07 45 00	1030.22
2025 02 23 07 46 00	1030.22
2025 02 23 07 47 00	1030.22
2025 02 23 07 48 00	1030.23
2025 02 23 07 49 00	1030.23
2025 02 23 07 50 00	1030.23
2025 02 23 07 51 00	1030.24
2025 02 23 07 52 00	1030.26
2025 02 23 07 53 00	1030.25
2025 02 23 07 54 00	1030.25
2025 02 23 07 55 00	1030.27
2025 02 23 07 56 00	1030.29
2025 02 23 07 57 00	1030.29
2025 02 23 07 58 00	1030.30
2025 02 23 07 59 00	1030.32
2025 02 23 08 00 00	1030.33
2025 02 23 08 01 00	1030.34
2025 02 23 08 02 00	1030.37
2025 02 23 08 03 00	1030.39
2025 02 23 08 04 00	1030.39
2025 02 23 08 05 00	1030.41
2025 02 23 08 06 00	1030.43
2025 02 23 08 07 00	1030.46
2025 02 23 08 08 00	1030.48
2025 02 23 08 09 00	1030.48
2025 02 23 08 10 00	1030.49
2025 02 23 08 11 00	1030.51
2025 02 23 08 12 00	1030.53
2025 02 23 08 13 00	1030.53
2025 02 23 08 14 00	1030.54
2025 02 23 08 15 00	1030.52
2025 02 23 08 16 00	1030.53
2025 02 23 08 17 00	1030.52
2025 02 23 08 18 00	1030.51
2025 02 23 08 19 00	1030.51
2025 02 23 08 20 00	1030.52
2025 02 23 08 21 00	1030.53
2025 02 23 08 22 00	1030.54
2025 02 23 08 23 00	1030.54
2025 02 23 08 24 00	1030.56
2025 02 23 08 25 00	1030.57
2025 02 23 08 26 00	1030.59
2025 02 23 08 27 00	1030.59
2025 02 23 08 28 00	1030.59
2025 02 23 08 29 00	1030.59
2025 02 23 08 30 00	1030.60
2025 02 23 08 31 00	1030.61
2025 02 23 08 32 00	1030.58
2025 02 23 08 33 00	1030.59
2025 02 23 08 34 00	1030.58
2025 02 23 08 35 00	1030.58
2025 02 23 08 36 00	1030.56
2025 02 23 08 37 00	1030.56
2025 02 23 08 38 00	1030.58
2025 02 23 08 39 00	1030.58
2025 02 23 08 40 00	1030.58
2025 02 23 08 41 00	1030.59
2025 02 23 08 42 00	1030.61
2025 02 23 08 43 00	1030.63
2025 02 23 08 44 00	1030.63
2025 02 23 08 45 00	1030.65
2025 02 23 08 46 00	1030.67
2025 02 23 08 47 00	1030.67
2025 02 23 08 48 00	1030.68
2025 02 23 08 49 00	1030.70
2025 02 23 08 50 00	1030.72
2025 02 23 08 51 00	1030.72
2025 02 23 08 52 00	1030.72
2025 02 23 08 53 00	1030.74
2025 02 23 08 54 00	1030.74
2025 02 23 08 55 00	1030.76
2025 02 23 08 56 00	1030.78
2025 02 23 08 57 00	1030.80
2025 02 23 08 58 00	1030.80
2025 02 23 08 59 00	1030.82
2025 02 23 09 00 00	1030.81
2025 02 23 09 01 00	1030.83
2025 02 23 09 02 00	1030.83
2025 02 23 09 03 00	1030.86
2025 02 23 09 04 00	1030.87
2025 02 23 09 05 00	1030.87
2025 02 23 09 06 00	1030.89
2025 02 23 09 07 00	1030.88
2025 02 23 09 08 00	1030.88
2025 02 23 09 09 00	1030.87
2025 02 23 09 10 00	1030.88
2025 02 23 09 11 00	1030.89
2025 02 23 09 12 00	1030.90
2025 02 23 09 13 00	1030.90
2025 02 23 09 14 00	1030.91
2025 02 23 09 15 00	1030.90
2025 02 23 09 16 00	1030.91
2025 02 23 09 17 00	1030.93
2025 02 23 09 18 00	1030.94
2025 02 23 09 19 00	1030.93
2025 02 23 09 20 00	1030.94
2025 02 23 09 21 00	1030.94
2025 02 23 09 22 00	1030.96
2025 02 23 09 23 00	1030.97
2025 02 23 09 24 00	1030.98
2025 02 23 09 25 00	1030.99
2025 02 23 09 26 00	1031.00
2025 02 23 09 27 00	1031.01
2025 02 23 09 28 00	1031.00
2025 02 23 09 29 00	1031.00
2025 02 23 09 30 00	1031.01
2025 02 23 09 31 00	1031.01
2025 02 23 09 32 00	1031.01
2025 02 23 09 33 00	1031.02
2025 02 23 09 34 00	1031.03
2025 02 23 09 35 00	1031.03
2025 02 23 09 36 00	1031.03
2025 02 23 09 37 00	1031.06
2025 02 23 09 38 00	1031.09
2025 02 23 09 39 00	1031.12
2025 02 23 09 40 00	1031.12
2025 02 23 09 41 00	1031.17
2025 02 23 09 42 00	1031.17
2025 02 23 09 43 00	1031.18
2025 02 23 09 44 00	1031.20
2025 02 23 09 45 00	1031.20
2025 02 23 09 46 00	1031.21
2025 02 23 09 47 00	1031.21
2025 02 23 09 48 00	1031.21
2025 02 23 09 49 00	1031.23
2025 02 23 09 50 00	1031.23
2025 02 23 09 51 00	1031.22
2025 02 23 09 52 00	1031.23
2025 02 23 09 53 00	1031.26
2025 02 23 09 54 00	1031.26
2025 02 23 09 55 00	1031.27
2025 02 23 09 56 00	1031.28
2025 02 23 09 57 00	1031.27
2025 02 23 09 58 00	1031.28
2025 02 23 09 59 00	1031.29
2025 02 23 10 00 00	1031.28
2025 02 23 10 01 00	1031.29
2025 02 23 10 02 00	1031.28
2025 02 23 10 03 00	1031.29
2025 02 23 10 04 00	1031.28
2025 02 23 10 05 00	1031.29
2025 02 23 10 06 00	1031.30
2025 02 23 10 07 00	1031.31
2025 02 23 10 08 00	1031.32
2025 02 23 10 09 00	1031.31
2025 02 23 10 10 00	1031.34
2025 02 23 10 11 00	1031.33
2025 02 23 10 12 00	1031.34
2025 02 23 10 13 00	1031.34
2025 02 23 10 14 00	1031.34
2025 02 23 10 15 00	1031.34
2025 02 23 10 16 00	1031.33
2025 02 23 10 17 00	1031.32
2025 02 23 10 18 00	1031.33
2025 02 23 10 19 00	1031.34
2025 02 23 10 20 00	1031.35
2025 02 23 10 21 00	1031.34
2025 02 23 10 22 00	1031.37
2025 02 23 10 23 00	1031.38
2025 02 23 10 24 00	1031.36
2025 02 23 10 25 00	1031.37
2025 02 23 10 26 00	1031.38
2025 02 23 10 27 00	1031.38
2025 02 23 10 28 00	1031.38
2025 02 23 10 29 00	1031.36
2025 02 23 10 30 00	1031.37
2025 02 23 10 31 00	1031.38
2025 02 23 10 32 00	1031.36
2025 02 23 10 33 00	1031.36
2025 02 23 10 34 00	1031.36
2025 02 23 10 35 00	1031.34
2025 02 23 10 36 00	1031.35
2025 02 23 10 37 00	1031.32
2025 02 23 10 38 00	1031.32
2025 02 23 10 39 00	1031.31
2025 02 23 10 40 00	1031.31
2025 02 23 10 41 00	1031.29
2025 02 23 10 42 00	1031.30
2025 02 23 10 43 00	1031.31
2025 02 23 10 44 00	1031.28
2025 02 23 10 45 00	1031.27
2025 02 23 10 46 00	1031.27
2025 02 23 10 47 00	1031.25
2025 02 23 10 48 00	1031.25
2025 02 23 10 49 00	1031.26
2025 02 23 10 50 00	1031.25
2025 02 23 10 51 00	1031.24
2025 02 23 10 52 00	1031.24
2025 02 23 10 53 00	1031.26
2025 02 23 10 54 00	1031.25
2025 02 23 10 55 00	1031.23
2025 02 23 10 56 00	1031.23
2025 02 23 10 57 00	1031.21
2025 02 23 10 58 00	1031.19
2025 02 23 10 59 00	1031.20
2025 02 23 11 00 00	1031.19
2025 02 23 11 01 00	1031.19
2025 02 23 11 02 00	1031.17
2025 02 23 11 03 00	1031.16
2025 02 23 11 04 00	1031.15
2025 02 23 11 05 00	1031.15
2025 02 23 11 06 00	1031.15
2025 02 23 11 07 00	1031.13
2025 02 23 11 08 00	1031.15
2025 02 23 11 09 00	1031.14
2025 02 23 11 10 00	1031.12
2025 02 23 11 11 00	1031.12
2025 02 23 11 12 00	1031.10
2025 02 23 11 13 00	1031.10
2025 02 23 11 14 00	1031.11
2025 02 23 11 15 00	1031.08
2025 02 23 11 16 00	1031.08
2025 02 23 11 17 00	1031.07
2025 02 23 11 18 00	1031.07
2025 02 23 11 19 00	1031.05
2025 02 23 11 20 00	1031.05
2025 02 23 11 21 00	1031.05
2025 02 23 11 22 00	1031.05
2025 02 23 11 23 00	1031.05
2025 02 23 11 24 00	1031.05
2025 02 23 11 25 00	1031.04
2025 02 23 11 26 00	1031.04
2025 02 23 11 27 00	1031.03
2025 02 23 11 28 00	1031.03
2025 02 23 11 29 00	1031.06
2025 02 23 11 30 00	1031.04
2025 02 23 11 31 00	1031.04
2025 02 23 11 32 00	1031.05
2025 02 23 11 33 00	1031.04
2025 02 23 11 34 00	1031.01
2025 02 23 11 35 00	1031.00
2025 02 23 11 36 00	1030.99
2025 02 23 11 37 00	1030.97
2025 02 23 11 38 00	1030.98
2025 02 23 11 39 00	1030.95
2025 02 23 11 40 00	1030.94
2025 02 23 11 41 00	1030.93
2025 02 23 11 42 00	1030.91
2025 02 23 11 43 00	1030.91
2025 02 23 11 44 00	1030.91
2025 02 23 11 45 00	1030.89
2025 02 23 11 46 00	1030.87
2025 02 23 11 47 00	1030.87
2025 02 23 11 48 00	1030.87
2025 02 23 11 49 00	1030.84
2025 02 23 11 50 00	1030.85
2025 02 23 11 51 00	1030.83
2025 02 23 11 52 00	1030.83
2025 02 23 11 53 00	1030.81
2025 02 23 11 54 00	1030.82
2025 02 23 11 55 00	1030.80
2025 02 23 11 56 00	1030.79
2025 02 23 11 57 00	1030.78
2025 02 23 11 58 00	1030.78
2025 02 23 11 59 00	1030.76
2025 02 23 12 00 00	1030.75
2025 02 23 12 01 00	1030.75
2025 02 23 12 02 00	1030.75
2025 02 23 12 03 00	1030.74
2025 02 23 12 04 00	1030.76
2025 02 23 12 05 00	1030.73
2025 02 23 12 06 00	1030.72
2025 02 23 12 07 00	1030.72
2025 02 23 12 08 00	1030.71
2025 02 23 12 09 00	1030.73
2025 02 23 12 10 00	1030.73
2025 02 23 12 11 00	1030.73
2025 02 23 12 12 00	1030.72
2025 02 23 12 13 00	1030.71
2025 02 23 12 14 00	1030.70
2025 02 23 12 15 00	1030.68
2025 02 23 12 16 00	1030.68
2025 02 23 12 17 00	1030.64
2025 02 23 12 18 00	1030.62
2025 02 23 12 19 00	1030.63
2025 02 23 12 20 00	1030.60
2025 02 23 12 21 00	1030.59
2025 02 23 12 22 00	1030.60
2025 02 23 12 23 00	1030.60
2025 02 23 12 24 00	1030.60
2025 02 23 12 25 00	1030.61
2025 02 23 12 26 00	1030.60
2025 02 23 12 27 00	1030.60
2025 02 23 12 28 00	1030.60
2025 02 23 12 29 00	1030.58
2025 02 23 12 30 00	1030.57
2025 02 23 12 31 00	1030.56
2025 02 23 12 32 00	1030.56
2025 02 23 12 33 00	1030.58
2025 02 23 12 34 00	1030.58
2025 02 23 12 35 00	1030.59
2025 02 23 12 36 00	1030.61
2025 02 23 12 37 00	1030.60
2025 02 23 12 38 00	1030.60
2025 02 23 12 39 00	1030.63
2025 02 23 12 40 00	1030.63
2025 02 23 12 41 00	1030.63
2025 02 23 12 42 00	1030.64
2025 02 23 12 43 00	1030.65
2025 02 23 12 44 00	1030.65
2025 02 23 12 45 00	1030.66
2025 02 23 12 46 00	1030.67
2025 02 23 12 47 00	1030.65
2025 02 23 12 48 00	1030.64
2025 02 23 12 49 00	1030.62
2025 02 23 12 50 00	1030.59
2025 02 23 12 51 00	1030.58
2025 02 23 12 52 00	1030.58
2025 02 23 12 53 00	1030.54
2025 02 23 12 54 00	1030.54
2025 02 23 12 55 00	1030.53
2025 02 23 12 56 00	1030.53
2025 02 23 12 57 00	1030.53
2025 02 23 12 58 00	1030.52
2025 02 23 12 59 00	1030.50
2025 02 23 13 00 00	1030.50
2025 02 23 13 01 00	1030.49
2025 02 23 13 02 00	1030.48
2025 02 23 13 03 00	1030.45
2025 02 23 13 04 00	1030.45
2025 02 23 13 05 00	1030.43
2025 02 23 13 06 00	1030.44
2025 02 23 13 07 00	1030.40
2025 02 23 13 08 00	1030.39
2025 02 23 13 09 00	1030.38
2025 02 23 13 10 00	1030.36
2025 02 23 13 11 00	1030.36
2025 02 23 13 12 00	1030.35
2025 02 23 13 13 00	1030.33
2025 02 23 13 14 00	1030.32
2025 02 23 13 15 00	1030.30
2025 02 23 13 16 00	1030.29
2025 02 23 13 17 00	1030.30
2025 02 23 13 18 00	1030.31
2025 02 23 13 19 00	1030.30
2025 02 23 13 20 00	1030.29
2025 02 23 13 21 00	1030.25
2025 02 23 13 22 00	1030.24
2025 02 23 13 23 00	1030.22
2025 02 23 13 24 00	1030.25
2025 02 23 13 25 00	1030.24
2025 02 23 13 26 00	1030.23
2025 02 23 13 27 00	1030.23
2025 02 23 13 28 00	1030.23
2025 02 23 13 29 00	1030.23
2025 02 23 13 30 00	1030.22
2025 02 23 13 31 00	1030.23
2025 02 23 13 32 00	1030.22
2025 02 23 13 33 00	1030.24
2025 02 23 13 34 00	1030.24
2025 02 23 13 35 00	1030.27
2025 02 23 13 36 00	1030.26
2025 02 23 13 37 00	1030.27
2025 02 23 13 38 00	1030.29
2025 02 23 13 39 00	1030.30
2025 02 23 13 40 00	1030.31
2025 02 23 13 41 00	1030.30
2025 02 23 13 42 00	1030.30
2025 02 23 13 43 00	1030.29
2025 02 23 13 44 00	1030.28
2025 02 23 13 45 00	1030.27
2025 02 23 13 46 00	1030.27
2025 02 23 13 47 00	1030.28
2025 02 23 13 48 00	1030.30
2025 02 23 13 49 00	1030.27
2025 02 23 13 50 00	1030.26
2025 02 23 13 51 00	1030.25
2025 02 23 13 52 00	1030.27
2025 02 23 13 53 00	1030.26
2025 02 23 13 54 00	1030.27
2025 02 23 13 55 00	1030.28
2025 02 23 13 56 00	1030.28
2025 02 23 13 57 00	1030.27
2025 02 23 13 58 00	1030.26
2025 02 23 13 59 00	1030.26
2025 02 23 14 00 00	1030.23
2025 02 23 14 01 00	1030.24
2025 02 23 14 02 00	1030.23
2025 02 23 14 03 00	1030.23
2025 02 23 14 04 00	1030.23
2025 02 23 14 05 00	1030.24
2025 02 23 14 06 00	1030.25
2025 02 23 14 07 00	1030.26
2025 02 23 14 08 00	1030.24
2025 02 23 14 09 00	1030.25
2025 02 23 14 10 00	1030.24
2025 02 23 14 11 00	1030.25
2025 02 23 14 12 00	1030.25
2025 02 23 14 13 00	1030.27
2025 02 23 14 14 00	1030.27
2025 02 23 14 15 00	1030.28
2025 02 23 14 16 00	1030.28
2025 02 23 14 17 00	1030.29
2025 02 23 14 18 00	1030.29
2025 02 23 14 19 00	1030.30
2025 02 23 14 20 00	1030.30
2025 02 23 14 21 00	1030.32
2025 02 23 14 22 00	1030.29
2025 02 23 14 23 00	1030.28
2025 02 23 14 24 00	1030.27
2025 02 23 14 25 00	1030.26
2025 02 23 14 26 00	1030.26
2025 02 23 14 27 00	1030.27
2025 02 23 14 28 00	1030.28
2025 02 23 14 29 00	1030.28
2025 02 23 14 30 00	1030.28
2025 02 23 14 31 00	1030.28
2025 02 23 14 32 00	1030.27
2025 02 23 14 33 00	1030.29
2025 02 23 14 34 00	1030.27
2025 02 23 14 35 00	1030.27
2025 02 23 14 36 00	1030.25
2025 02 23 14 37 00	1030.26
2025 02 23 14 38 00	1030.25
2025 02 23 14 39 00	1030.25
2025 02 23 14 40 00	1030.23
2025 02 23 14 41 00	1030.22
2025 02 23 14 42 00	1030.22
2025 02 23 14 43 00	1030.22
2025 02 23 14 44 00	1030.22
2025 02 23 14 45 00	1030.23
2025 02 23 14 46 00	1030.22
2025 02 23 14 47 00	1030.21
2025 02 23 14 48 00	1030.23
2025 02 23 14 49 00	1030.21
2025 02 23 14 50 00	1030.21
2025 02 23 14 51 00	1030.21
2025 02 23 14 52 00	1030.20
2025 02 23 14 53 00	1030.22
2025 02 23 14 54 00	1030.22
2025 02 23 14 55 00	1030.21
2025 02 23 14 56 00	1030.22
2025 02 23 14 57 00	1030.22
2025 02 23 14 58 00	1030.21
2025 02 23 14 59 00	1030.22
2025 02 23 15 00 00	1030.21
2025 02 23 15 01 00	1030.22
2025 02 23 15 02 00	1030.21
2025 02 23 15 03 00	1030.22
2025 02 23 15 04 00	1030.21
2025 02 23 15 05 00	1030.20
2025 02 23 15 06 00	1030.20
2025 02 23 15 07 00	1030.21
2025 02 23 15 08 00	1030.20
2025 02 23 15 09 00	1030.18
2025 02 23 15 10 00	1030.15
2025 02 23 15 11 00	1030.14
2025 02 23 15 12 00	1030.13
2025 02 23 15 13 00	1030.14
2025 02 23 15 14 00	1030.11
2025 02 23 15 15 00	1030.10
2025 02 23 15 16 00	1030.10
2025 02 23 15 17 00	1030.10
2025 02 23 15 18 00	1030.09
2025 02 23 15 19 00	1030.09
2025 02 23 15 20 00	1030.08
2025 02 23 15 21 00	1030.09
2025 02 23 15 22 00	1030.10
2025 02 23 15 23 00	1030.09
2025 02 23 15 24 00	1030.13
2025 02 23 15 25 00	1030.12
2025 02 23 15 26 00	1030.13
2025 02 23 15 27 00	1030.14
2025 02 23 15 28 00	1030.15
2025 02 23 15 29 00	1030.13
2025 02 23 15 30 00	1030.14
2025 02 23 15 31 00	1030.17
2025 02 23 15 32 00	1030.17
2025 02 23 15 33 00	1030.16
2025 02 23 15 34 00	1030.16
2025 02 23 15 35 00	1030.16
2025 02 23 15 36 00	1030.15
2025 02 23 15 37 00	1030.18
2025 02 23 15 38 00	1030.17
2025 02 23 15 39 00	1030.17
2025 02 23 15 40 00	1030.18
2025 02 23 15 41 00	1030.19
2025 02 23 15 42 00	1030.21
2025 02 23 15 43 00	1030.21
2025 02 23 15 44 00	1030.23
2025 02 23 15 45 00	1030.24
2025 02 23 15 46 00	1030.22
2025 02 23 15 47 00	1030.22
2025 02 23 15 48 00	1030.24
2025 02 23 15 49 00	1030.23
2025 02 23 15 50 00	1030.23
2025 02 23 15 51 00	1030.22
2025 02 23 15 52 00	1030.21
2025 02 23 15 53 00	1030.19
2025 02 23 15 54 00	1030.19
2025 02 23 15 55 00	1030.17
2025 02 23 15 56 00	1030.16
2025 02 23 15 57 00	1030.12
2025 02 23 15 58 00	1030.12
2025 02 23 15 59 00	1030.11
2025 02 23 16 00 00	1030.13
2025 02 23 16 01 00	1030.10
2025 02 23 16 02 00	1030.11
2025 02 23 16 03 00	1030.11
2025 02 23 16 04 00	1030.11
2025 02 23 16 05 00	1030.13
2025 02 23 16 06 00	1030.15
2025 02 23 16 07 00	1030.14
2025 02 23 16 08 00	1030.16
2025 02 23 16 09 00	1030.16
2025 02 23 16 10 00	1030.16
2025 02 23 16 11 00	1030.17
2025 02 23 16 12 00	1030.17
2025 02 23 16 13 00	1030.16
2025 02 23 16 14 00	1030.18
2025 02 23 16 15 00	1030.16
2025 02 23 16 16 00	1030.17
2025 02 23 16 17 00	1030.17
2025 02 23 16 18 00	1030.16
2025 02 23 16 19 00	1030.13
2025 02 23 16 20 00	1030.15
2025 02 23 16 21 00	1030.14
2025 02 23 16 22 00	1030.15
2025 02 23 16 23 00	1030.18
2025 02 23 16 24 00	1030.17
2025 02 23 16 25 00	1030.18
2025 02 23 16 26 00	1030.19
2025 02 23 16 27 00	1030.20
2025 02 23 16 28 00	1030.20
2025 02 23 16 29 00	1030.21
2025 02 23 16 30 00	1030.21
2025 02 23 16 31 00	1030.23
2025 02 23 16 32 00	1030.21
2025 02 23 16 33 00	1030.22
2025 02 23 16 34 00	1030.21
2025 02 23 16 35 00	1030.21
2025 02 23 16 36 00	1030.21
2025 02 23 16 37 00	1030.23
2025 02 23 16 38 00	1030.24
2025 02 23 16 39 00	1030.24
2025 02 23 16 40 00	1030.25
2025 02 23 16 41 00	1030.26
2025 02 23 16 42 00	1030.26
2025 02 23 16 43 00	1030.28
2025 02 23 16 44 00	1030.30
2025 02 23 16 45 00	1030.29
2025 02 23 16 46 00	1030.28
2025 02 23 16 47 00	1030.30
2025 02 23 16 48 00	1030.32
2025 02 23 16 49 00	1030.31
2025 02 23 16 50 00	1030.32
2025 02 23 16 51 00	1030.33
2025 02 23 16 52 00	1030.32
2025 02 23 16 53 00	1030.34
2025 02 23 16 54 00	1030.34
2025 02 23 16 55 00	1030.35
2025 02 23 16 56 00	1030.35
2025 02 23 16 57 00	1030.35
2025 02 23 16 58 00	1030.34
2025 02 23 16 59 00	1030.36
2025 02 23 17 00 00	1030.36
2025 02 23 17 01 00	1030.40
2025 02 23 17 02 00	1030.39
2025 02 23 17 03 00	1030.41
2025 02 23 17 04 00	1030.41
2025 02 23 17 05 00	1030.43
2025 02 23 17 06 00	1030.42
2025 02 23 17 07 00	1030.44
2025 02 23 17 08 00	1030.43
2025 02 23 17 09 00	1030.45
2025 02 23 17 10 00	1030.45
2025 02 23 17 11 00	1030.45
2025 02 23 17 12 00	1030.44
2025 02 23 17 13 00	1030.44
2025 02 23 17 14 00	1030.43
2025 02 23 17 15 00	1030.45
2025 02 23 17 16 00	1030.45
2025 02 23 17 17 00	1030.46
2025 02 23 17 18 00	1030.45
2025 02 23 17 19 00	1030.46
2025 02 23 17 20 00	1030.45
2025 02 23 17 21 00	1030.44
2025 02 23 17 22 00	1030.45
2025 02 23 17 23 00	1030.46
2025 02 23 17 24 00	1030.45
2025 02 23 17 25 00	1030.47
2025 02 23 17 26 00	1030.49
2025 02 23 17 27 00	1030.50
2025 02 23 17 28 00	1030.50
2025 02 23 17 29 00	1030.50
2025 02 23 17 30 00	1030.50
2025 02 23 17 31 00	1030.51
2025 02 23 17 32 00	1030.52
2025 02 23 17 33 00	1030.51
2025 02 23 17 34 00	1030.52
2025 02 23 17 35 00	1030.51
2025 02 23 17 36 00	1030.50
2025 02 23 17 37 00	1030.51
2025 02 23 17 38 00	1030.51
2025 02 23 17 39 00	1030.51
2025 02 23 17 40 00	1030.51
2025 02 23 17 41 00	1030.52
2025 02 23 17 42 00	1030.51
2025 02 23 17 43 00	1030.52
2025 02 23 17 44 00	1030.53
2025 02 23 17 45 00	1030.52
2025 02 23 17 46 00	1030.53
2025 02 23 17 47 00	1030.52
2025 02 23 17 48 00	1030.52
2025 02 23 17 49 00	1030.52
2025 02 23 17 50 00	1030.51
2025 02 23 17 51 00	1030.52
2025 02 23 17 52 00	1030.52
2025 02 23 17 53 00	1030.53
2025 02 23 17 54 00	1030.52
2025 02 23 17 55 00	1030.51
2025 02 23 17 56 00	1030.52
2025 02 23 17 57 00	1030.54
2025 02 23 17 58 00	1030.55
2025 02 23 17 59 00	1030.56
2025 02 23 18 00 00	1030.57
2025 02 23 18 01 00	1030.56
2025 02 23 18 02 00	1030.58
2025 02 23 18 03 00	1030.56
2025 02 23 18 04 00	1030.57
2025 02 23 18 05 00	1030.55
2025 02 23 18 06 00	1030.55
2025 02 23 18 07 00	1030.55
2025 02 23 18 08 00	1030.56
2025 02 23 18 09 00	1030.55
2025 02 23 18 10 00	1030.56
2025 02 23 18 11 00	1030.55
2025 02 23 18 12 00	1030.55
2025 02 23 18 13 00	1030.58
2025 02 23 18 14 00	1030.56
2025 02 23 18 15 00	1030.55
2025 02 23 18 16 00	1030.55
2025 02 23 18 17 00	1030.55
2025 02 23 18 18 00	1030.53
2025 02 23 18 19 00	1030.53
2025 02 23 18 20 00	1030.54
2025 02 23 18 21 00	1030.52
2025 02 23 18 22 00	1030.50
2025 02 23 18 23 00	1030.51
2025 02 23 18 24 00	1030.50
2025 02 23 18 25 00	1030.49
2025 02 23 18 26 00	1030.47
2025 02 23 18 27 00	1030.48
2025 02 23 18 28 00	1030.47
2025 02 23 18 29 00	1030.47
2025 02 23 18 30 00	1030.46
2025 02 23 18 31 00	1030.47
2025 02 23 18 32 00	1030.44
2025 02 23 18 33 00	1030.45
2025 02 23 18 34 00	1030.44
2025 02 23 18 35 00	1030.45
2025 02 23 18 36 00	1030.45
2025 02 23 18 37 00	1030.42
2025 02 23 18 38 00	1030.43
2025 02 23 18 39 00	1030.41
2025 02 23 18 40 00	1030.43
2025 02 23 18 41 00	1030.42
2025 02 23 18 42 00	1030.39
2025 02 23 18 43 00	1030.41
2025 02 23 18 44 00	1030.40
2025 02 23 18 45 00	1030.41
2025 02 23 18 46 00	1030.43
2025 02 23 18 47 00	1030.42
2025 02 23 18 48 00	1030.40
2025 02 23 18 49 00	1030.39
2025 02 23 18 50 00	1030.41
2025 02 23 18 51 00	1030.40
2025 02 23 18 52 00	1030.39
2025 02 23 18 53 00	1030.40
2025 02 23 18 54 00	1030.37
2025 02 23 18 55 00	1030.38
2025 02 23 18 56 00	1030.40
2025 02 23 18 57 00	1030.41
2025 02 23 18 58 00	1030.42
2025 02 23 18 59 00	1030.41
2025 02 23 19 00 00	1030.41
2025 02 23 19 01 00	1030.42
2025 02 23 19 02 00	1030.42
2025 02 23 19 03 00	1030.42
2025 02 23 19 04 00	1030.45
2025 02 23 19 05 00	1030.47
2025 02 23 19 06 00	1030.47
2025 02 23 19 07 00	1030.48
2025 02 23 19 08 00	1030.49
2025 02 23 19 09 00	1030.50
2025 02 23 19 10 00	1030.50
2025 02 23 19 11 00	1030.53
2025 02 23 19 12 00	1030.53
2025 02 23 19 13 00	1030.53
2025 02 23 19 14 00	1030.53
2025 02 23 19 15 00	1030.54
2025 02 23 19 16 00	1030.55
2025 02 23 19 17 00	1030.55
2025 02 23 19 18 00	1030.56
2025 02 23 19 19 00	1030.55
2025 02 23 19 20 00	1030.56
2025 02 23 19 21 00	1030.57
2025 02 23 19 22 00	1030.58
2025 02 23 19 23 00	1030.58
2025 02 23 19 24 00	1030.58
2025 02 23 19 25 00	1030.57
2025 02 23 19 26 00	1030.58
2025 02 23 19 27 00	1030.57
2025 02 23 19 28 00	1030.57
2025 02 23 19 29 00	1030.57
2025 02 23 19 30 00	1030.59
2025 02 23 19 31 00	1030.59
2025 02 23 19 32 00	1030.59
2025 02 23 19 33 00	1030.61
2025 02 23 19 34 00	1030.62
2025 02 23 19 35 00	1030.61
2025 02 23 19 36 00	1030.62
2025 02 23 19 37 00	1030.60
2025 02 23 19 38 00	1030.59
2025 02 23 19 39 00	1030.60
2025 02 23 19 40 00	1030.58
2025 02 23 19 41 00	1030.59
2025 02 23 19 42 00	1030.59
2025 02 23 19 43 00	1030.59
2025 02 23 19 44 00	1030.59
2025 02 23 19 45 00	1030.59
2025 02 23 19 46 00	1030.60
2025 02 23 19 47 00	1030.58
2025 02 23 19 48 00	1030.58
2025 02 23 19 49 00	1030.57
2025 02 23 19 50 00	1030.57
2025 02 23 19 51 00	1030.58
2025 02 23 19 52 00	1030.57
2025 02 23 19 53 00	1030.59
2025 02 23 19 54 00	1030.57
2025 02 23 19 55 00	1030.59
2025 02 23 19 56 00	1030.59
2025 02 23 19 57 00	1030.59
2025 02 23 19 58 00	1030.60
2025 02 23 19 59 00	1030.61
2025 02 23 20 00 00	1030.61
2025 02 23 20 01 00	1030.59
2025 02 23 20 02 00	1030.61
2025 02 23 20 03 00	1030.62
2025 02 23 20 04 00	1030.63
2025 02 23 20 05 00	1030.64
2025 02 23 20 06 00	1030.65
2025 02 23 20 07 00	1030.66
2025 02 23 20 08 00	1030.67
2025 02 23 20 09 00	1030.68
2025 02 23 20 10 00	1030.69
2025 02 23 20 11 00	1030.71
2025 02 23 20 12 00	1030.70
2025 02 23 20 13 00	1030.71
2025 02 23 20 14 00	1030.74
2025 02 23 20 15 00	1030.73
2025 02 23 20 16 00	1030.76
2025 02 23 20 17 00	1030.73
2025 02 23 20 18 00	1030.75
2025 02 23 20 19 00	1030.75
2025 02 23 20 20 00	1030.75
2025 02 23 20 21 00	1030.73
2025 02 23 20 22 00	1030.75
2025 02 23 20 23 00	1030.75
2025 02 23 20 24 00	1030.73
2025 02 23 20 25 00	1030.76
2025 02 23 20 26 00	1030.77
2025 02 23 20 27 00	1030.77
2025 02 23 20 28 00	1030.79
2025 02 23 20 29 00	1030.80
2025 02 23 20 30 00	1030.81
2025 02 23 20 31 00	1030.81
2025 02 23 20 32 00	1030.82
2025 02 23 20 33 00	1030.81
2025 02 23 20 34 00	1030.83
2025 02 23 20 35 00	1030.82
2025 02 23 20 36 00	1030.82
2025 02 23 20 37 00	1030.83
2025 02 23 20 38 00	1030.81
2025 02 23 20 39 00	1030.80
2025 02 23 20 40 00	1030.80
2025 02 23 20 41 00	1030.78
2025 02 23 20 42 00	1030.78
2025 02 23 20 43 00	1030.78
2025 02 23 20 44 00	1030.78
2025 02 23 20 45 00	1030.79
2025 02 23 20 46 00	1030.76
2025 02 23 20 47 00	1030.76
2025 02 23 20 48 00	1030.76
2025 02 23 20 49 00	1030.76
2025 02 23 20 50 00	1030.75
2025 02 23 20 51 00	1030.74
2025 02 23 20 52 00	1030.74
2025 02 23 20 53 00	1030.73
2025 02 23 20 54 00	1030.72
2025 02 23 20 55 00	1030.69
2025 02 23 20 56 00	1030.70
2025 02 23 20 57 00	1030.69
2025 02 23 20 58 00	1030.68
2025 02 23 20 59 00	1030.67
2025 02 23 21 00 00	1030.68
2025 02 23 21 01 00	1030.67
2025 02 23 21 02 00	1030.67
2025 02 23 21 03 00	1030.65
2025 02 23 21 04 00	1030.66
2025 02 23 21 05 00	1030.66
2025 02 23 21 06 00	1030.64
2025 02 23 21 07 00	1030.64
2025 02 23 21 08 00	1030.64
2025 02 23 21 09 00	1030.64
2025 02 23 21 10 00	1030.65
2025 02 23 21 11 00	1030.67
2025 02 23 21 12 00	1030.68
2025 02 23 21 13 00	1030.66
2025 02 23 21 14 00	1030.66
2025 02 23 21 15 00	1030.65
2025 02 23 21 16 00	1030.66
2025 02 23 21 17 00	1030.65
2025 02 23 21 18 00	1030.66
2025 02 23 21 19 00	1030.65
2025 02 23 21 20 00	1030.65
2025 02 23 21 21 00	1030.64
2025 02 23 21 22 00	1030.65
2025 02 23 21 23 00	1030.63
2025 02 23 21 24 00	1030.63
2025 02 23 21 25 00	1030.63
2025 02 23 21 26 00	1030.63
2025 02 23 21 27 00	1030.62
2025 02 23 21 28 00	1030.63
2025 02 23 21 29 00	1030.63
2025 02 23 21 30 00	1030.63
2025 02 23 21 31 00	1030.64
2025 02 23 21 32 00	1030.64
2025 02 23 21 33 00	1030.63
2025 02 23 21 34 00	1030.63
2025 02 23 21 35 00	1030.63
2025 02 23 21 36 00	1030.63
2025 02 23 21 37 00	1030.63
2025 02 23 21 38 00	1030.62
2025 02 23 21 39 00	1030.62
2025 02 23 21 40 00	1030.60
2025 02 23 21 41 00	1030.61
2025 02 23 21 42 00	1030.59
2025 02 23 21 43 00	1030.60
2025 02 23 21 44 00	1030.58
2025 02 23 21 45 00	1030.59
2025 02 23 21 46 00	1030.59
2025 02 23 21 47 00	1030.58
2025 02 23 21 48 00	1030.59
2025 02 23 21 49 00	1030.57
2025 02 23 21 50 00	1030.57
2025 02 23 21 51 00	1030.58
2025 02 23 21 52 00	1030.59
2025 02 23 21 53 00	1030.58
2025 02 23 21 54 00	1030.57
2025 02 23 21 55 00	1030.57
2025 02 23 21 56 00	1030.57
2025 02 23 21 57 00	1030.56
2025 02 23 21 58 00	1030.56
2025 02 23 21 59 00	1030.57
2025 02 23 22 00 00	1030.58
2025 02 23 22 01 00	1030.58
2025 02 23 22 02 00	1030.60
2025 02 23 22 03 00	1030.60
2025 02 23 22 04 00	1030.61
2025 02 23 22 05 00	1030.60
2025 02 23 22 06 00	1030.61
2025 02 23 22 07 00	1030.59
2025 02 23 22 08 00	1030.58
2025 02 23 22 09 00	1030.58
2025 02 23 22 10 00	1030.59
2025 02 23 22 11 00	1030.59
2025 02 23 22 12 00	1030.58
2025 02 23 22 13 00	1030.58
2025 02 23 22 14 00	1030.59
2025 02 23 22 15 00	1030.57
2025 02 23 22 16 00	1030.58
2025 02 23 22 17 00	1030.58
2025 02 23 22 18 00	1030.58
2025 02 23 22 19 00	1030.57
2025 02 23 22 20 00	1030.56
2025 02 23 22 21 00	1030.55
2025 02 23 22 22 00	1030.52
2025 02 23 22 23 00	1030.54
2025 02 23 22 24 00	1030.51
2025 02 23 22 25 00	1030.53
2025 02 23 22 26 00	1030.54
2025 02 23 22 27 00	1030.54
2025 02 23 22 28 00	1030.53
2025 02 23 22 29 00	1030.56
2025 02 23 22 30 00	1030.54
2025 02 23 22 31 00	1030.56
2025 02 23 22 32 00	1030.55
2025 02 23 22 33 00	1030.53
2025 02 23 22 34 00	1030.53
2025 02 23 22 35 00	1030.51
2025 02 23 22 36 00	1030.51
2025 02 23 22 37 00	1030.51
2025 02 23 22 38 00	1030.50
2025 02 23 22 39 00	1030.49
2025 02 23 22 40 00	1030.49
2025 02 23 22 41 00	1030.49
2025 02 23 22 42 00	1030.47
2025 02 23 22 43 00	1030.49
2025 02 23 22 44 00	1030.48
2025 02 23 22 45 00	1030.50
2025 02 23 22 46 00	1030.49
2025 02 23 22 47 00	1030.50
2025 02 23 22 48 00	1030.49
2025 02 23 22 49 00	1030.50
2025 02 23 22 50 00	1030.49
2025 02 23 22 51 00	1030.48
2025 02 23 22 52 00	1030.48
2025 02 23 22 53 00	1030.46
2025 02 23 22 54 00	1030.45
2025 02 23 22 55 00	1030.44
2025 02 23 22 56 00	1030.43
2025 02 23 22 57 00	1030.43
2025 02 23 22 58 00	1030.42
2025 02 23 22 59 00	1030.43
2025 02 23 23 00 00	1030.41
2025 02 23 23 01 00	1030.41
2025 02 23 23 02 00	1030.40
2025 02 23 23 03 00	1030.38
2025 02 23 23 04 00	1030.37
2025 02 23 23 05 00	1030.37
2025 02 23 23 06 00	1030.35
2025 02 23 23 07 00	1030.34
2025 02 23 23 08 00	1030.33
2025 02 23 23 09 00	1030.31
2025 02 23 23 10 00	1030.29
2025 02 23 23 11 00	1030.31
2025 02 23 23 12 00	1030.28
2025 02 23 23 13 00	1030.30
2025 02 23 23 14 00	1030.28
2025 02 23 23 15 00	1030.28
2025 02 23 23 16 00	1030.25
2025 02 23 23 17 00	1030.25
2025 02 23 23 18 00	1030.23
2025 02 23 23 19 00	1030.24
2025 02 23 23 20 00	1030.21
2025 02 23 23 21 00	1030.22
2025 02 23 23 22 00	1030.22
2025 02 23 23 23 00	1030.22
2025 02 23 23 24 00	1030.22
2025 02 23 23 25 00	1030.22
2025 02 23 23 26 00	1030.21
2025 02 23 23 27 00	1030.21
2025 02 23 23 28 00	1030.18
2025 02 23 23 29 00	1030.19
2025 02 23 23 30 00	1030.17
2025 02 23 23 31 00	1030.17
2025 02 23 23 32 00	1030.14
2025 02 23 23 33 00	1030.13
2025 02 23 23 34 00	1030.13
2025 02 23 23 35 00	1030.12
2025 02 23 23 36 00	1030.10
2025 02 23 23 37 00	1030.09
2025 02 23 23 38 00	1030.09
2025 02 23 23 39 00	1030.08
2025 02 23 23 40 00	1030.07
2025 02 23 23 41 00	1030.09
2025 02 23 23 42 00	1030.09
2025 02 23 23 43 00	1030.06
2025 02 23 23 44 00	1030.05
2025 02 23 23 45 00	1030.05
2025 02 23 23 46 00	1030.04
2025 02 23 23 47 00	1030.01
2025 02 23 23 48 00	1030.01
2025 02 23 23 49 00	1030.00
2025 02 23 23 50 00	1030.00
2025 02 23 23 51 00	1029.99
2025 02 23 23 52 00	1029.96
2025 02 23 23 53 00	1029.98
2025 02 23 23 54 00	1029.97
2025 02 23 23 55 00	1029.96
2025 02 23 23 56 00	1029.95
2025 02 23 23 57 00	1029.95
2025 02 23 23 58 00	1029.95
2025 02 23 23 59 00	1029.94