2025 02 25 07 01 00	1022.16	
2025 02 25 07 02 00	1022.15	
2025 02 25 07 03 00	1022.14	
2025 02 25 07 04 00	1022.13	
2025 02 25 07 05 00	1022.13	
2025 02 25 07 06 00	1022.13	
2025 02 25 07 07 00	1022.10	
2025 02 25 07 08 00	1022.12	
2025 02 25 07 09 00	1022.12	
2025 02 25 07 10 00	1022.11	
2025 02 25 07 11 00	1022.13	
2025 02 25 07 12 00	1022.13	
2025 02 25 07 13 00	1022.11	
2025 02 25 07 14 00	1022.13	
2025 02 25 07 15 00	1022.13	
2025 02 25 07 16 00	1022.14	
2025 02 25 07 17 00	1022.15	
2025 02 25 07 18 00	1022.15	
2025 02 25 07 19 00	1022.13	
2025 02 25 07 20 00	1022.14	
2025 02 25 07 21 00	1022.16	
2025 02 25 07 22 00	1022.17	
2025 02 25 07 23 00	1022.19	
2025 02 25 07 24 00	1022.20	
2025 02 25 07 25 00	1022.22	
2025 02 25 07 26 00	1022.22	
2025 02 25 07 27 00	1022.23	
2025 02 25 07 28 00	1022.24	
2025 02 25 07 29 00	1022.23	
2025 02 25 07 30 00	1022.24	
2025 02 25 07 31 00	1022.22	
2025 02 25 07 32 00	1022.21	
2025 02 25 07 33 00	1022.20	
2025 02 25 07 34 00	1022.18	
2025 02 25 07 35 00	1022.18	
2025 02 25 07 36 00	1022.20	
2025 02 25 07 37 00	1022.19	
2025 02 25 07 38 00	1022.20	
2025 02 25 07 39 00	1022.21	
2025 02 25 07 40 00	1022.20	
2025 02 25 07 41 00	1022.22	
2025 02 25 07 42 00	1022.21	
2025 02 25 07 43 00	1022.22	
2025 02 25 07 44 00	1022.23	
2025 02 25 07 45 00	1022.25	
2025 02 25 07 46 00	1022.26	
2025 02 25 07 47 00	1022.24	
2025 02 25 07 48 00	1022.24	
2025 02 25 07 49 00	1022.25	
2025 02 25 07 50 00	1022.25	
2025 02 25 07 51 00	1022.25	
2025 02 25 07 52 00	1022.24	
2025 02 25 07 53 00	1022.24	
2025 02 25 07 54 00	1022.25	
2025 02 25 07 55 00	1022.24	
2025 02 25 07 56 00	1022.25	
2025 02 25 07 57 00	1022.26	
2025 02 25 07 58 00	1022.25	
2025 02 25 07 59 00	1022.26	
2025 02 25 08 00 00	1022.25	
2025 02 25 08 01 00	1022.24	
2025 02 25 08 02 00	1022.22	
2025 02 25 08 03 00	1022.21	
2025 02 25 08 04 00	1022.22	
2025 02 25 08 05 00	1022.22	
2025 02 25 08 06 00	1022.21	
2025 02 25 08 07 00	1022.22	
2025 02 25 08 08 00	1022.22	
2025 02 25 08 09 00	1022.22	
2025 02 25 08 10 00	1022.25	
2025 02 25 08 11 00	1022.23	
2025 02 25 08 12 00	1022.22	
2025 02 25 08 13 00	1022.27	
2025 02 25 08 14 00	1022.25	
2025 02 25 08 15 00	1022.28	
2025 02 25 08 16 00	1022.30	
2025 02 25 08 17 00	1022.30	
2025 02 25 08 18 00	1022.31	
2025 02 25 08 19 00	1022.32	
2025 02 25 08 20 00	1022.33	
2025 02 25 08 21 00	1022.32	
2025 02 25 08 22 00	1022.32	
2025 02 25 08 23 00	1022.32	
2025 02 25 08 24 00	1022.32	
2025 02 25 08 25 00	1022.33	
2025 02 25 08 26 00	1022.32	
2025 02 25 08 27 00	1022.30	
2025 02 25 08 28 00	1022.29	
2025 02 25 08 29 00	1022.30	
2025 02 25 08 30 00	1022.30	
2025 02 25 08 31 00	1022.28	
2025 02 25 08 32 00	1022.29	
2025 02 25 08 33 00	1022.32	
2025 02 25 08 34 00	1022.32	
2025 02 25 08 35 00	1022.32	
2025 02 25 08 36 00	1022.32	
2025 02 25 08 37 00	1022.31	
2025 02 25 08 38 00	1022.30	
2025 02 25 08 39 00	1022.30	
2025 02 25 08 40 00	1022.28	
2025 02 25 08 41 00	1022.28	
2025 02 25 08 42 00	1022.29	
2025 02 25 08 43 00	1022.28	
2025 02 25 08 44 00	1022.29	
2025 02 25 08 45 00	1022.29	
2025 02 25 08 46 00	1022.27	
2025 02 25 08 47 00	1022.28	
2025 02 25 08 48 00	1022.27	
2025 02 25 08 49 00	1022.25	
2025 02 25 08 50 00	1022.24	
2025 02 25 08 51 00	1022.22	
2025 02 25 08 52 00	1022.21	
2025 02 25 08 53 00	1022.21	
2025 02 25 08 54 00	1022.21	
2025 02 25 08 55 00	1022.23	
2025 02 25 08 56 00	1022.25	
2025 02 25 08 57 00	1022.25	
2025 02 25 08 58 00	1022.26	
2025 02 25 08 59 00	1022.26	
2025 02 25 09 00 00	1022.27	
2025 02 25 09 01 00	1022.29	
2025 02 25 09 02 00	1022.30	
2025 02 25 09 03 00	1022.33	
2025 02 25 09 04 00	1022.30	
2025 02 25 09 05 00	1022.33	
2025 02 25 09 06 00	1022.33	
2025 02 25 09 07 00	1022.31	
2025 02 25 09 08 00	1022.34	
2025 02 25 09 09 00	1022.33	
2025 02 25 09 10 00	1022.32	
2025 02 25 09 11 00	1022.32	
2025 02 25 09 12 00	1022.31	
2025 02 25 09 13 00	1022.32	
2025 02 25 09 14 00	1022.31	
2025 02 25 09 15 00	1022.31	
2025 02 25 09 16 00	1022.28	
2025 02 25 09 17 00	1022.27	
2025 02 25 09 18 00	1022.26	
2025 02 25 09 19 00	1022.23	
2025 02 25 09 20 00	1022.23	
2025 02 25 09 21 00	1022.21	
2025 02 25 09 22 00	1022.21	
2025 02 25 09 23 00	1022.22	
2025 02 25 09 24 00	1022.21	
2025 02 25 09 25 00	1022.23	
2025 02 25 09 26 00	1022.23	
2025 02 25 09 27 00	1022.21	
2025 02 25 09 28 00	1022.21	
2025 02 25 09 29 00	1022.22	
2025 02 25 09 30 00	1022.21	
2025 02 25 09 31 00	1022.20	
2025 02 25 09 32 00	1022.20	
2025 02 25 09 33 00	1022.18	
2025 02 25 09 34 00	1022.19	
2025 02 25 09 35 00	1022.16	
2025 02 25 09 36 00	1022.16	
2025 02 25 09 37 00	1022.16	
2025 02 25 09 38 00	1022.15	
2025 02 25 09 39 00	1022.15	
2025 02 25 09 40 00	1022.16	
2025 02 25 09 41 00	1022.15	
2025 02 25 09 42 00	1022.14	
2025 02 25 09 43 00	1022.14	
2025 02 25 09 44 00	1022.11	
2025 02 25 09 45 00	1022.14	
2025 02 25 09 46 00	1022.13	
2025 02 25 09 47 00	1022.12	
2025 02 25 09 48 00	1022.09	
2025 02 25 09 49 00	1022.08	
2025 02 25 09 50 00	1022.05	
2025 02 25 09 51 00	1022.06	
2025 02 25 09 52 00	1022.03	
2025 02 25 09 53 00	1022.02	
2025 02 25 09 54 00	1022.02	
2025 02 25 09 55 00	1022.00	
2025 02 25 09 56 00	1022.01	
2025 02 25 09 57 00	1022.01	
2025 02 25 09 58 00	1022.02	
2025 02 25 09 59 00	1022.01	
2025 02 25 10 00 00	1022.00	
2025 02 25 10 01 00	1021.97	
2025 02 25 10 02 00	1021.97	
2025 02 25 10 03 00	1021.94	
2025 02 25 10 04 00	1021.94	
2025 02 25 10 05 00	1021.93	
2025 02 25 10 06 00	1021.90	
2025 02 25 10 07 00	1021.87	
2025 02 25 10 08 00	1021.88	
2025 02 25 10 09 00	1021.89	
2025 02 25 10 10 00	1021.88	
2025 02 25 10 11 00	1021.86	
2025 02 25 10 12 00	1021.90	
2025 02 25 10 13 00	1021.88	
2025 02 25 10 14 00	1021.88	
2025 02 25 10 15 00	1021.89	
2025 02 25 10 16 00	1021.88	
2025 02 25 10 17 00	1021.89	
2025 02 25 10 18 00	1021.88	
2025 02 25 10 19 00	1021.88	
2025 02 25 10 20 00	1021.90	
2025 02 25 10 21 00	1021.90	
2025 02 25 10 22 00	1021.90	
2025 02 25 10 23 00	1021.89	
2025 02 25 10 24 00	1021.91	
2025 02 25 10 25 00	1021.91	
2025 02 25 10 26 00	1021.91	
2025 02 25 10 27 00	1021.92	
2025 02 25 10 28 00	1021.93	
2025 02 25 10 29 00	1021.95	
2025 02 25 10 30 00	1021.94	
2025 02 25 10 31 00	1021.93	
2025 02 25 10 32 00	1021.94	
2025 02 25 10 33 00	1021.95	
2025 02 25 10 34 00	1021.93	
2025 02 25 10 35 00	1021.92	
2025 02 25 10 36 00	1021.90	
2025 02 25 10 37 00	1021.88	
2025 02 25 10 38 00	1021.87	
2025 02 25 10 39 00	1021.83	
2025 02 25 10 40 00	1021.82	
2025 02 25 10 41 00	1021.79	
2025 02 25 10 42 00	1021.78	
2025 02 25 10 43 00	1021.74	
2025 02 25 10 44 00	1021.73	
2025 02 25 10 45 00	1021.73	
2025 02 25 10 46 00	1021.70	
2025 02 25 10 47 00	1021.70	
2025 02 25 10 48 00	1021.68	
2025 02 25 10 49 00	1021.66	
2025 02 25 10 50 00	1021.66	
2025 02 25 10 51 00	1021.63	
2025 02 25 10 52 00	1021.63	
2025 02 25 10 53 00	1021.60	
2025 02 25 10 54 00	1021.61	
2025 02 25 10 55 00	1021.58	
2025 02 25 10 56 00	1021.58	
2025 02 25 10 57 00	1021.56	
2025 02 25 10 58 00	1021.56	
2025 02 25 10 59 00	1021.52	
2025 02 25 11 00 00	1021.52	
2025 02 25 11 01 00	1021.51	
2025 02 25 11 02 00	1021.50	
2025 02 25 11 03 00	1021.48	
2025 02 25 11 04 00	1021.45	
2025 02 25 11 05 00	1021.45	
2025 02 25 11 06 00	1021.41	
2025 02 25 11 07 00	1021.40	
2025 02 25 11 08 00	1021.38	
2025 02 25 11 09 00	1021.38	
2025 02 25 11 10 00	1021.38	
2025 02 25 11 11 00	1021.37	
2025 02 25 11 12 00	1021.36	
2025 02 25 11 13 00	1021.36	
2025 02 25 11 14 00	1021.36	
2025 02 25 11 15 00	1021.34	
2025 02 25 11 16 00	1021.33	
2025 02 25 11 17 00	1021.32	
2025 02 25 11 18 00	1021.30	
2025 02 25 11 19 00	1021.30	
2025 02 25 11 20 00	1021.29	
2025 02 25 11 21 00	1021.29	
2025 02 25 11 22 00	1021.28	
2025 02 25 11 23 00	1021.27	
2025 02 25 11 24 00	1021.26	
2025 02 25 11 25 00	1021.25	
2025 02 25 11 26 00	1021.23	
2025 02 25 11 27 00	1021.24	
2025 02 25 11 28 00	1021.22	
2025 02 25 11 29 00	1021.21	
2025 02 25 11 30 00	1021.21	
2025 02 25 11 31 00	1021.19	
2025 02 25 11 32 00	1021.17	
2025 02 25 11 33 00	1021.16	
2025 02 25 11 34 00	1021.15	
2025 02 25 11 35 00	1021.14	
2025 02 25 11 36 00	1021.14	
2025 02 25 11 37 00	1021.13	
2025 02 25 11 38 00	1021.10	
2025 02 25 11 39 00	1021.08	
2025 02 25 11 40 00	1021.09	
2025 02 25 11 41 00	1021.07	
2025 02 25 11 42 00	1021.08	
2025 02 25 11 43 00	1021.05	
2025 02 25 11 44 00	1021.01	
2025 02 25 11 45 00	1021.01	
2025 02 25 11 46 00	1020.99	
2025 02 25 11 47 00	1021.00	
2025 02 25 11 48 00	1020.99	
2025 02 25 11 49 00	1020.99	
2025 02 25 11 50 00	1020.98	
2025 02 25 11 51 00	1020.95	
2025 02 25 11 52 00	1020.95	
2025 02 25 11 53 00	1020.95	
2025 02 25 11 54 00	1020.90	
2025 02 25 11 55 00	1020.91	
2025 02 25 11 56 00	1020.89	
2025 02 25 11 57 00	1020.88	
2025 02 25 11 58 00	1020.86	
2025 02 25 11 59 00	1020.84	
2025 02 25 12 00 00	1020.80	
2025 02 25 12 01 00	1020.81	
2025 02 25 12 02 00	1020.79	
2025 02 25 12 03 00	1020.79	
2025 02 25 12 04 00	1020.77	
2025 02 25 12 05 00	1020.76	
2025 02 25 12 06 00	1020.71	
2025 02 25 12 07 00	1020.71	
2025 02 25 12 08 00	1020.68	
2025 02 25 12 09 00	1020.68	
2025 02 25 12 10 00	1020.65	
2025 02 25 12 11 00	1020.64	
2025 02 25 12 12 00	1020.63	
2025 02 25 12 13 00	1020.58	
2025 02 25 12 14 00	1020.56	
2025 02 25 12 15 00	1020.56	
2025 02 25 12 16 00	1020.58	
2025 02 25 12 17 00	1020.56	
2025 02 25 12 18 00	1020.56	
2025 02 25 12 19 00	1020.54	
2025 02 25 12 20 00	1020.52	
2025 02 25 12 21 00	1020.51	
2025 02 25 12 22 00	1020.49	
2025 02 25 12 23 00	1020.47	
2025 02 25 12 24 00	1020.43	
2025 02 25 12 25 00	1020.43	
2025 02 25 12 26 00	1020.42	
2025 02 25 12 27 00	1020.39	
2025 02 25 12 28 00	1020.38	
2025 02 25 12 29 00	1020.36	
2025 02 25 12 30 00	1020.36	
2025 02 25 12 31 00	1020.33	
2025 02 25 12 32 00	1020.34	
2025 02 25 12 33 00	1020.32	
2025 02 25 12 34 00	1020.31	
2025 02 25 12 35 00	1020.29	
2025 02 25 12 36 00	1020.29	
2025 02 25 12 37 00	1020.28	
2025 02 25 12 38 00	1020.26	
2025 02 25 12 39 00	1020.25	
2025 02 25 12 40 00	1020.22	
2025 02 25 12 41 00	1020.22	
2025 02 25 12 42 00	1020.21	
2025 02 25 12 43 00	1020.19	
2025 02 25 12 44 00	1020.17	
2025 02 25 12 45 00	1020.19	
2025 02 25 12 46 00	1020.16	
2025 02 25 12 47 00	1020.15	
2025 02 25 12 48 00	1020.14	
2025 02 25 12 49 00	1020.11	
2025 02 25 12 50 00	1020.11	
2025 02 25 12 51 00	1020.09	
2025 02 25 12 52 00	1020.08	
2025 02 25 12 53 00	1020.06	
2025 02 25 12 54 00	1020.08	
2025 02 25 12 55 00	1020.08	
2025 02 25 12 56 00	1020.07	
2025 02 25 12 57 00	1020.08	
2025 02 25 12 58 00	1020.09	
2025 02 25 12 59 00	1020.08	
2025 02 25 13 00 00	1020.06	
2025 02 25 13 01 00	1020.03	
2025 02 25 13 02 00	1020.01	
2025 02 25 13 03 00	1019.99	
2025 02 25 13 04 00	1020.00	
2025 02 25 13 05 00	1019.99	
2025 02 25 13 06 00	1019.99	
2025 02 25 13 07 00	1019.97	
2025 02 25 13 08 00	1019.94	
2025 02 25 13 09 00	1019.95	
2025 02 25 13 10 00	1019.93	
2025 02 25 13 11 00	1019.92	
2025 02 25 13 12 00	1019.91	
2025 02 25 13 13 00	1019.91	
2025 02 25 13 14 00	1019.91	
2025 02 25 13 15 00	1019.88	
2025 02 25 13 16 00	1019.88	
2025 02 25 13 17 00	1019.88	
2025 02 25 13 18 00	1019.86	
2025 02 25 13 19 00	1019.86	
2025 02 25 13 20 00	1019.86	
2025 02 25 13 21 00	1019.85	
2025 02 25 13 22 00	1019.84	
2025 02 25 13 23 00	1019.81	
2025 02 25 13 24 00	1019.82	
2025 02 25 13 25 00	1019.80	
2025 02 25 13 26 00	1019.81	
2025 02 25 13 27 00	1019.79	
2025 02 25 13 28 00	1019.79	
2025 02 25 13 29 00	1019.79	
2025 02 25 13 30 00	1019.79	
2025 02 25 13 31 00	1019.78	
2025 02 25 13 32 00	1019.77	
2025 02 25 13 33 00	1019.74	
2025 02 25 13 34 00	1019.76	
2025 02 25 13 35 00	1019.72	
2025 02 25 13 36 00	1019.71	
2025 02 25 13 37 00	1019.71	
2025 02 25 13 38 00	1019.71	
2025 02 25 13 39 00	1019.72	
2025 02 25 13 40 00	1019.72	
2025 02 25 13 41 00	1019.73	
2025 02 25 13 42 00	1019.71	
2025 02 25 13 43 00	1019.73	
2025 02 25 13 44 00	1019.74	
2025 02 25 13 45 00	1019.72	
2025 02 25 13 46 00	1019.71	
2025 02 25 13 47 00	1019.70	
2025 02 25 13 48 00	1019.69	
2025 02 25 13 49 00	1019.70	
2025 02 25 13 50 00	1019.68	
2025 02 25 13 51 00	1019.68	
2025 02 25 13 52 00	1019.65	
2025 02 25 13 53 00	1019.65	
2025 02 25 13 54 00	1019.65	
2025 02 25 13 55 00	1019.65	
2025 02 25 13 56 00	1019.65	
2025 02 25 13 57 00	1019.64	
2025 02 25 13 58 00	1019.61	
2025 02 25 13 59 00	1019.62	
2025 02 25 14 00 00	1019.62	
2025 02 25 14 01 00	1019.62	
2025 02 25 14 02 00	1019.60	
2025 02 25 14 03 00	1019.59	
2025 02 25 14 04 00	1019.61	
2025 02 25 14 05 00	1019.62	
2025 02 25 14 06 00	1019.60	
2025 02 25 14 07 00	1019.62	
2025 02 25 14 08 00	1019.60	
2025 02 25 14 09 00	1019.59	
2025 02 25 14 10 00	1019.57	
2025 02 25 14 11 00	1019.55	
2025 02 25 14 12 00	1019.55	
2025 02 25 14 13 00	1019.53	
2025 02 25 14 14 00	1019.52	
2025 02 25 14 15 00	1019.52	
2025 02 25 14 16 00	1019.52	
2025 02 25 14 17 00	1019.52	
2025 02 25 14 18 00	1019.51	
2025 02 25 14 19 00	1019.49	
2025 02 25 14 20 00	1019.48	
2025 02 25 14 21 00	1019.49	
2025 02 25 14 22 00	1019.48	
2025 02 25 14 23 00	1019.49	
2025 02 25 14 24 00	1019.47	
2025 02 25 14 25 00	1019.46	
2025 02 25 14 26 00	1019.43	
2025 02 25 14 27 00	1019.42	
2025 02 25 14 28 00	1019.44	
2025 02 25 14 29 00	1019.41	
2025 02 25 14 30 00	1019.41	
2025 02 25 14 31 00	1019.39	
2025 02 25 14 32 00	1019.40	
2025 02 25 14 33 00	1019.38	
2025 02 25 14 34 00	1019.37	
2025 02 25 14 35 00	1019.37	
2025 02 25 14 36 00	1019.36	
2025 02 25 14 37 00	1019.37	
2025 02 25 14 38 00	1019.35	
2025 02 25 14 39 00	1019.34	
2025 02 25 14 40 00	1019.33	
2025 02 25 14 41 00	1019.33	
2025 02 25 14 42 00	1019.31	
2025 02 25 14 43 00	1019.29	
2025 02 25 14 44 00	1019.31	
2025 02 25 14 45 00	1019.30	
2025 02 25 14 46 00	1019.30	
2025 02 25 14 47 00	1019.30	
2025 02 25 14 48 00	1019.31	
2025 02 25 14 49 00	1019.30	
2025 02 25 14 50 00	1019.30	
2025 02 25 14 51 00	1019.28	
2025 02 25 14 52 00	1019.27	
2025 02 25 14 53 00	1019.25	
2025 02 25 14 54 00	1019.25	
2025 02 25 14 55 00	1019.24	
2025 02 25 14 56 00	1019.24	
2025 02 25 14 57 00	1019.22	
2025 02 25 14 58 00	1019.20	
2025 02 25 14 59 00	1019.19	
2025 02 25 15 00 00	1019.19	
2025 02 25 15 01 00	1019.16	
2025 02 25 15 02 00	1019.14	
2025 02 25 15 03 00	1019.13	
2025 02 25 15 04 00	1019.10	
2025 02 25 15 05 00	1019.09	
2025 02 25 15 06 00	1019.06	
2025 02 25 15 07 00	1019.05	
2025 02 25 15 08 00	1019.02	
2025 02 25 15 09 00	1019.03	
2025 02 25 15 10 00	1019.01	
2025 02 25 15 11 00	1019.01	
2025 02 25 15 12 00	1019.02	
2025 02 25 15 13 00	1019.00	
2025 02 25 15 14 00	1018.99	
2025 02 25 15 15 00	1018.99	
2025 02 25 15 16 00	1018.98	
2025 02 25 15 17 00	1018.97	
2025 02 25 15 18 00	1018.96	
2025 02 25 15 19 00	1018.96	
2025 02 25 15 20 00	1018.94	
2025 02 25 15 21 00	1018.93	
2025 02 25 15 22 00	1018.92	
2025 02 25 15 23 00	1018.90	
2025 02 25 15 24 00	1018.91	
2025 02 25 15 25 00	1018.90	
2025 02 25 15 26 00	1018.89	
2025 02 25 15 27 00	1018.89	
2025 02 25 15 28 00	1018.90	
2025 02 25 15 29 00	1018.90	
2025 02 25 15 30 00	1018.89	
2025 02 25 15 31 00	1018.89	
2025 02 25 15 32 00	1018.88	
2025 02 25 15 33 00	1018.89	
2025 02 25 15 34 00	1018.87	
2025 02 25 15 35 00	1018.86	
2025 02 25 15 36 00	1018.83	
2025 02 25 15 37 00	1018.83	
2025 02 25 15 38 00	1018.84	
2025 02 25 15 39 00	1018.82	
2025 02 25 15 40 00	1018.84	
2025 02 25 15 41 00	1018.83	
2025 02 25 15 42 00	1018.81	
2025 02 25 15 43 00	1018.83	
2025 02 25 15 44 00	1018.82	
2025 02 25 15 45 00	1018.81	
2025 02 25 15 46 00	1018.79	
2025 02 25 15 47 00	1018.80	
2025 02 25 15 48 00	1018.79	
2025 02 25 15 49 00	1018.79	
2025 02 25 15 50 00	1018.79	
2025 02 25 15 51 00	1018.78	
2025 02 25 15 52 00	1018.78	
2025 02 25 15 53 00	1018.77	
2025 02 25 15 54 00	1018.78	
2025 02 25 15 55 00	1018.77	
2025 02 25 15 56 00	1018.76	
2025 02 25 15 57 00	1018.75	
2025 02 25 15 58 00	1018.75	
2025 02 25 15 59 00	1018.75	
2025 02 25 16 00 00	1018.77	
2025 02 25 16 01 00	1018.78	
2025 02 25 16 02 00	1018.79	
2025 02 25 16 03 00	1018.79	
2025 02 25 16 04 00	1018.79	
2025 02 25 16 05 00	1018.79	
2025 02 25 16 06 00	1018.78	
2025 02 25 16 07 00	1018.78	
2025 02 25 16 08 00	1018.78	
2025 02 25 16 09 00	1018.76	
2025 02 25 16 10 00	1018.76	
2025 02 25 16 11 00	1018.72	
2025 02 25 16 12 00	1018.71	
2025 02 25 16 13 00	1018.70	
2025 02 25 16 14 00	1018.69	
2025 02 25 16 15 00	1018.68	
2025 02 25 16 16 00	1018.67	
2025 02 25 16 17 00	1018.64	
2025 02 25 16 18 00	1018.66	
2025 02 25 16 19 00	1018.63	
2025 02 25 16 20 00	1018.62	
2025 02 25 16 21 00	1018.61	
2025 02 25 16 22 00	1018.61	
2025 02 25 16 23 00	1018.62	
2025 02 25 16 24 00	1018.62	
2025 02 25 16 25 00	1018.62	
2025 02 25 16 26 00	1018.60	
2025 02 25 16 27 00	1018.59	
2025 02 25 16 28 00	1018.57	
2025 02 25 16 29 00	1018.54	
2025 02 25 16 30 00	1018.55	
2025 02 25 16 31 00	1018.55	
2025 02 25 16 32 00	1018.55	
2025 02 25 16 33 00	1018.56	
2025 02 25 16 34 00	1018.57	
2025 02 25 16 35 00	1018.57	
2025 02 25 16 36 00	1018.58	
2025 02 25 16 37 00	1018.57	
2025 02 25 16 38 00	1018.56	
2025 02 25 16 39 00	1018.55	
2025 02 25 16 40 00	1018.56	
2025 02 25 16 41 00	1018.55	
2025 02 25 16 42 00	1018.56	
2025 02 25 16 43 00	1018.56	
2025 02 25 16 44 00	1018.57	
2025 02 25 16 45 00	1018.56	
2025 02 25 16 46 00	1018.57	
2025 02 25 16 47 00	1018.57	
2025 02 25 16 48 00	1018.57	
2025 02 25 16 49 00	1018.57	
2025 02 25 16 50 00	1018.56	
2025 02 25 16 51 00	1018.55	
2025 02 25 16 52 00	1018.55	
2025 02 25 16 53 00	1018.55	
2025 02 25 16 54 00	1018.55	
2025 02 25 16 55 00	1018.54	
2025 02 25 16 56 00	1018.54	
2025 02 25 16 57 00	1018.54	
2025 02 25 16 58 00	1018.53	
2025 02 25 16 59 00	1018.51	
2025 02 25 17 00 00	1018.50	
2025 02 25 17 01 00	1018.50	
2025 02 25 17 02 00	1018.50	
2025 02 25 17 03 00	1018.50	
2025 02 25 17 04 00	1018.50	
2025 02 25 17 05 00	1018.49	
2025 02 25 17 06 00	1018.51	
2025 02 25 17 07 00	1018.51	
2025 02 25 17 08 00	1018.51	
2025 02 25 17 09 00	1018.54	
2025 02 25 17 10 00	1018.53	
2025 02 25 17 11 00	1018.55	
2025 02 25 17 12 00	1018.56	
2025 02 25 17 13 00	1018.54	
2025 02 25 17 14 00	1018.54	
2025 02 25 17 15 00	1018.53	
2025 02 25 17 16 00	1018.53	
2025 02 25 17 17 00	1018.53	
2025 02 25 17 18 00	1018.53	
2025 02 25 17 19 00	1018.55	
2025 02 25 17 20 00	1018.53	
2025 02 25 17 21 00	1018.54	
2025 02 25 17 22 00	1018.55	
2025 02 25 17 23 00	1018.58	
2025 02 25 17 24 00	1018.57	
2025 02 25 17 25 00	1018.60	
2025 02 25 17 26 00	1018.59	
2025 02 25 17 27 00	1018.60	
2025 02 25 17 28 00	1018.59	
2025 02 25 17 29 00	1018.59	
2025 02 25 17 30 00	1018.58	
2025 02 25 17 31 00	1018.58	
2025 02 25 17 32 00	1018.57	
2025 02 25 17 33 00	1018.58	
2025 02 25 17 34 00	1018.56	
2025 02 25 17 35 00	1018.57	
2025 02 25 17 36 00	1018.57	
2025 02 25 17 37 00	1018.56	
2025 02 25 17 38 00	1018.56	
2025 02 25 17 39 00	1018.56	
2025 02 25 17 40 00	1018.55	
2025 02 25 17 41 00	1018.55	
2025 02 25 17 42 00	1018.55	
2025 02 25 17 43 00	1018.55	
2025 02 25 17 44 00	1018.56	
2025 02 25 17 45 00	1018.56	
2025 02 25 17 46 00	1018.57	
2025 02 25 17 47 00	1018.57	
2025 02 25 17 48 00	1018.59	
2025 02 25 17 49 00	1018.60	
2025 02 25 17 50 00	1018.56	
2025 02 25 17 51 00	1018.56	
2025 02 25 17 52 00	1018.57	
2025 02 25 17 53 00	1018.57	
2025 02 25 17 54 00	1018.57	
2025 02 25 17 55 00	1018.57	
2025 02 25 17 56 00	1018.58	
2025 02 25 17 57 00	1018.58	
2025 02 25 17 58 00	1018.57	
2025 02 25 17 59 00	1018.57	
2025 02 25 18 00 00	1018.58	
2025 02 25 18 01 00	1018.61	
2025 02 25 18 02 00	1018.61	
2025 02 25 18 03 00	1018.60	
2025 02 25 18 04 00	1018.59	
2025 02 25 18 05 00	1018.59	
2025 02 25 18 06 00	1018.59	
2025 02 25 18 07 00	1018.60	
2025 02 25 18 08 00	1018.60	
2025 02 25 18 09 00	1018.58	
2025 02 25 18 10 00	1018.59	
2025 02 25 18 11 00	1018.59	
2025 02 25 18 12 00	1018.57	
2025 02 25 18 13 00	1018.56	
2025 02 25 18 14 00	1018.57	
2025 02 25 18 15 00	1018.57	
2025 02 25 18 16 00	1018.57	
2025 02 25 18 17 00	1018.54	
2025 02 25 18 18 00	1018.56	
2025 02 25 18 19 00	1018.54	
2025 02 25 18 20 00	1018.52	
2025 02 25 18 21 00	1018.51	
2025 02 25 18 22 00	1018.54	
2025 02 25 18 23 00	1018.53	
2025 02 25 18 24 00	1018.52	
2025 02 25 18 25 00	1018.50	
2025 02 25 18 26 00	1018.48	
2025 02 25 18 27 00	1018.46	
2025 02 25 18 28 00	1018.44	
2025 02 25 18 29 00	1018.42	
2025 02 25 18 30 00	1018.40	
2025 02 25 18 31 00	1018.38	
2025 02 25 18 32 00	1018.37	
2025 02 25 18 33 00	1018.38	
2025 02 25 18 34 00	1018.37	
2025 02 25 18 35 00	1018.37	
2025 02 25 18 36 00	1018.35	
2025 02 25 18 37 00	1018.34	
2025 02 25 18 38 00	1018.31	
2025 02 25 18 39 00	1018.29	
2025 02 25 18 40 00	1018.30	
2025 02 25 18 41 00	1018.29	
2025 02 25 18 42 00	1018.29	
2025 02 25 18 43 00	1018.26	
2025 02 25 18 44 00	1018.25	
2025 02 25 18 45 00	1018.24	
2025 02 25 18 46 00	1018.23	
2025 02 25 18 47 00	1018.20	
2025 02 25 18 48 00	1018.20	
2025 02 25 18 49 00	1018.18	
2025 02 25 18 50 00	1018.18	
2025 02 25 18 51 00	1018.18	
2025 02 25 18 52 00	1018.18	
2025 02 25 18 53 00	1018.16	
2025 02 25 18 54 00	1018.15	
2025 02 25 18 55 00	1018.14	
2025 02 25 18 56 00	1018.13	
2025 02 25 18 57 00	1018.12	
2025 02 25 18 58 00	1018.10	
2025 02 25 18 59 00	1018.08	
2025 02 25 19 00 00	1018.07	
2025 02 25 19 01 00	1018.07	
2025 02 25 19 02 00	1018.06	
2025 02 25 19 03 00	1018.07	
2025 02 25 19 04 00	1018.05	
2025 02 25 19 05 00	1018.05	
2025 02 25 19 06 00	1018.04	
2025 02 25 19 07 00	1018.04	
2025 02 25 19 08 00	1018.04	
2025 02 25 19 09 00	1018.01	
2025 02 25 19 10 00	1018.00	
2025 02 25 19 11 00	1018.00	
2025 02 25 19 12 00	1018.00	
2025 02 25 19 13 00	1018.00	
2025 02 25 19 14 00	1017.98	
2025 02 25 19 15 00	1017.96	
2025 02 25 19 16 00	1017.95	
2025 02 25 19 17 00	1017.96	
2025 02 25 19 18 00	1017.95	
2025 02 25 19 19 00	1017.95	
2025 02 25 19 20 00	1017.95	
2025 02 25 19 21 00	1017.93	
2025 02 25 19 22 00	1017.92	
2025 02 25 19 23 00	1017.90	
2025 02 25 19 24 00	1017.90	
2025 02 25 19 25 00	1017.89	
2025 02 25 19 26 00	1017.89	
2025 02 25 19 27 00	1017.89	
2025 02 25 19 28 00	1017.88	
2025 02 25 19 29 00	1017.88	
2025 02 25 19 30 00	1017.86	
2025 02 25 19 31 00	1017.85	
2025 02 25 19 32 00	1017.87	
2025 02 25 19 33 00	1017.83	
2025 02 25 19 34 00	1017.85	
2025 02 25 19 35 00	1017.85	
2025 02 25 19 36 00	1017.86	
2025 02 25 19 37 00	1017.85	
2025 02 25 19 38 00	1017.81	
2025 02 25 19 39 00	1017.83	
2025 02 25 19 40 00	1017.82	
2025 02 25 19 41 00	1017.84	
2025 02 25 19 42 00	1017.81	
2025 02 25 19 43 00	1017.82	
2025 02 25 19 44 00	1017.81	
2025 02 25 19 45 00	1017.82	
2025 02 25 19 46 00	1017.81	
2025 02 25 19 47 00	1017.77	
2025 02 25 19 48 00	1017.76	
2025 02 25 19 49 00	1017.75	
2025 02 25 19 50 00	1017.73	
2025 02 25 19 51 00	1017.73	
2025 02 25 19 52 00	1017.74	
2025 02 25 19 53 00	1017.74	
2025 02 25 19 54 00	1017.74	
2025 02 25 19 55 00	1017.73	
2025 02 25 19 56 00	1017.73	
2025 02 25 19 57 00	1017.73	
2025 02 25 19 58 00	1017.71	
2025 02 25 19 59 00	1017.71	
2025 02 25 20 00 00	1017.72	
2025 02 25 20 01 00	1017.73	
2025 02 25 20 02 00	1017.71	
2025 02 25 20 03 00	1017.73	
2025 02 25 20 04 00	1017.73	
2025 02 25 20 05 00	1017.72	
2025 02 25 20 06 00	1017.73	
2025 02 25 20 07 00	1017.68	
2025 02 25 20 08 00	1017.69	
2025 02 25 20 09 00	1017.72	
2025 02 25 20 10 00	1017.73	
2025 02 25 20 11 00	1017.76	
2025 02 25 20 12 00	1017.76	
2025 02 25 20 13 00	1017.76	
2025 02 25 20 14 00	1017.76	
2025 02 25 20 15 00	1017.77	
2025 02 25 20 16 00	1017.76	
2025 02 25 20 17 00	1017.76	
2025 02 25 20 18 00	1017.73	
2025 02 25 20 19 00	1017.74	
2025 02 25 20 20 00	1017.73	
2025 02 25 20 21 00	1017.72	
2025 02 25 20 22 00	1017.73	
2025 02 25 20 23 00	1017.72	
2025 02 25 20 24 00	1017.73	
2025 02 25 20 25 00	1017.75	
2025 02 25 20 26 00	1017.76	
2025 02 25 20 27 00	1017.77	
2025 02 25 20 28 00	1017.77	
2025 02 25 20 29 00	1017.78	
2025 02 25 20 30 00	1017.79	
2025 02 25 20 31 00	1017.80	
2025 02 25 20 32 00	1017.79	
2025 02 25 20 33 00	1017.78	
2025 02 25 20 34 00	1017.78	
2025 02 25 20 35 00	1017.79	
2025 02 25 20 36 00	1017.80	
2025 02 25 20 37 00	1017.78	
2025 02 25 20 38 00	1017.77	
2025 02 25 20 39 00	1017.73	
2025 02 25 20 40 00	1017.72	
2025 02 25 20 41 00	1017.70	
2025 02 25 20 42 00	1017.72	
2025 02 25 20 43 00	1017.75	
2025 02 25 20 44 00	1017.75	
2025 02 25 20 45 00	1017.74	
2025 02 25 20 46 00	1017.76	
2025 02 25 20 47 00	1017.75	
2025 02 25 20 48 00	1017.73	
2025 02 25 20 49 00	1017.73	
2025 02 25 20 50 00	1017.72	
2025 02 25 20 51 00	1017.72	
2025 02 25 20 52 00	1017.73	
2025 02 25 20 53 00	1017.72	
2025 02 25 20 54 00	1017.71	
2025 02 25 20 55 00	1017.69	
2025 02 25 20 56 00	1017.68	
2025 02 25 20 57 00	1017.70	
2025 02 25 20 58 00	1017.70	
2025 02 25 20 59 00	1017.71	
2025 02 25 21 00 00	1017.73	
2025 02 25 21 01 00	1017.72	
2025 02 25 21 02 00	1017.72	
2025 02 25 21 03 00	1017.73	
2025 02 25 21 04 00	1017.74	
2025 02 25 21 05 00	1017.73	
2025 02 25 21 06 00	1017.73	
2025 02 25 21 07 00	1017.73	
2025 02 25 21 08 00	1017.70	
2025 02 25 21 09 00	1017.70	
2025 02 25 21 10 00	1017.71	
2025 02 25 21 11 00	1017.72	
2025 02 25 21 12 00	1017.69	
2025 02 25 21 13 00	1017.71	
2025 02 25 21 14 00	1017.70	
2025 02 25 21 15 00	1017.69	
2025 02 25 21 16 00	1017.67	
2025 02 25 21 17 00	1017.65	
2025 02 25 21 18 00	1017.63	
2025 02 25 21 19 00	1017.63	
2025 02 25 21 20 00	1017.60	
2025 02 25 21 21 00	1017.57	
2025 02 25 21 22 00	1017.55	
2025 02 25 21 23 00	1017.54	
2025 02 25 21 24 00	1017.51	
2025 02 25 21 25 00	1017.50	
2025 02 25 21 26 00	1017.49	
2025 02 25 21 27 00	1017.45	
2025 02 25 21 28 00	1017.44	
2025 02 25 21 29 00	1017.45	
2025 02 25 21 30 00	1017.43	
2025 02 25 21 31 00	1017.45	
2025 02 25 21 32 00	1017.42	
2025 02 25 21 33 00	1017.40	
2025 02 25 21 34 00	1017.39	
2025 02 25 21 35 00	1017.40	
2025 02 25 21 36 00	1017.40	
2025 02 25 21 37 00	1017.37	
2025 02 25 21 38 00	1017.40	
2025 02 25 21 39 00	1017.39	
2025 02 25 21 40 00	1017.38	
2025 02 25 21 41 00	1017.37	
2025 02 25 21 42 00	1017.34	
2025 02 25 21 43 00	1017.36	
2025 02 25 21 44 00	1017.35	
2025 02 25 21 45 00	1017.34	
2025 02 25 21 46 00	1017.33	
2025 02 25 21 47 00	1017.31	
2025 02 25 21 48 00	1017.33	
2025 02 25 21 49 00	1017.32	
2025 02 25 21 50 00	1017.33	
2025 02 25 21 51 00	1017.33	
2025 02 25 21 52 00	1017.31	
2025 02 25 21 53 00	1017.32	
2025 02 25 21 54 00	1017.34	
2025 02 25 21 55 00	1017.34	
2025 02 25 21 56 00	1017.34	
2025 02 25 21 57 00	1017.34	
2025 02 25 21 58 00	1017.32	
2025 02 25 21 59 00	1017.32	
2025 02 25 22 00 00	1017.30	
2025 02 25 22 01 00	1017.31	
2025 02 25 22 02 00	1017.30	
2025 02 25 22 03 00	1017.28	
2025 02 25 22 04 00	1017.26	
2025 02 25 22 05 00	1017.26	
2025 02 25 22 06 00	1017.26	
2025 02 25 22 07 00	1017.24	
2025 02 25 22 08 00	1017.21	
2025 02 25 22 09 00	1017.21	
2025 02 25 22 10 00	1017.19	
2025 02 25 22 11 00	1017.18	
2025 02 25 22 12 00	1017.16	
2025 02 25 22 13 00	1017.14	
2025 02 25 22 14 00	1017.12	
2025 02 25 22 15 00	1017.11	
2025 02 25 22 16 00	1017.10	
2025 02 25 22 17 00	1017.07	
2025 02 25 22 18 00	1017.07	
2025 02 25 22 19 00	1017.08	
2025 02 25 22 20 00	1017.08	
2025 02 25 22 21 00	1017.06	
2025 02 25 22 22 00	1017.04	
2025 02 25 22 23 00	1017.05	
2025 02 25 22 24 00	1017.02	
2025 02 25 22 25 00	1017.03	
2025 02 25 22 26 00	1017.05	
2025 02 25 22 27 00	1017.02	
2025 02 25 22 28 00	1017.03	
2025 02 25 22 29 00	1017.02	
2025 02 25 22 30 00	1017.03	
2025 02 25 22 31 00	1017.01	
2025 02 25 22 32 00	1017.01	
2025 02 25 22 33 00	1017.02	
2025 02 25 22 34 00	1017.01	
2025 02 25 22 35 00	1016.99	
2025 02 25 22 36 00	1016.97	
2025 02 25 22 37 00	1016.96	
2025 02 25 22 38 00	1016.95	
2025 02 25 22 39 00	1016.94	
2025 02 25 22 40 00	1016.92	
2025 02 25 22 41 00	1016.87	
2025 02 25 22 42 00	1016.85	
2025 02 25 22 43 00	1016.84	
2025 02 25 22 44 00	1016.85	
2025 02 25 22 45 00	1016.82	
2025 02 25 22 46 00	1016.84	
2025 02 25 22 47 00	1016.84	
2025 02 25 22 48 00	1016.86	
2025 02 25 22 49 00	1016.85	
2025 02 25 22 50 00	1016.83	
2025 02 25 22 51 00	1016.83	
2025 02 25 22 52 00	1016.81	
2025 02 25 22 53 00	1016.81	
2025 02 25 22 54 00	1016.78	
2025 02 25 22 55 00	1016.75	
2025 02 25 22 56 00	1016.74	
2025 02 25 22 57 00	1016.71	
2025 02 25 22 58 00	1016.70	
2025 02 25 22 59 00	1016.70	
2025 02 25 23 00 00	1016.71	
2025 02 25 23 01 00	1016.71	
2025 02 25 23 02 00	1016.71	
2025 02 25 23 03 00	1016.70	
2025 02 25 23 04 00	1016.73	
2025 02 25 23 05 00	1016.72	
2025 02 25 23 06 00	1016.70	
2025 02 25 23 07 00	1016.68	
2025 02 25 23 08 00	1016.71	
2025 02 25 23 09 00	1016.73	
2025 02 25 23 10 00	1016.73	
2025 02 25 23 11 00	1016.73	
2025 02 25 23 12 00	1016.72	
2025 02 25 23 13 00	1016.70	
2025 02 25 23 14 00	1016.68	
2025 02 25 23 15 00	1016.66	
2025 02 25 23 16 00	1016.66	
2025 02 25 23 17 00	1016.63	
2025 02 25 23 18 00	1016.66	
2025 02 25 23 19 00	1016.68	
2025 02 25 23 20 00	1016.67	
2025 02 25 23 21 00	1016.67	
2025 02 25 23 22 00	1016.66	
2025 02 25 23 23 00	1016.66	
2025 02 25 23 24 00	1016.62	
2025 02 25 23 25 00	1016.62	
2025 02 25 23 26 00	1016.64	
2025 02 25 23 27 00	1016.62	
2025 02 25 23 28 00	1016.60	
2025 02 25 23 29 00	1016.61	
2025 02 25 23 30 00	1016.61	
2025 02 25 23 31 00	1016.64	
2025 02 25 23 32 00	1016.64	
2025 02 25 23 33 00	1016.65	
2025 02 25 23 34 00	1016.63	
2025 02 25 23 35 00	1016.62	
2025 02 25 23 36 00	1016.61	
2025 02 25 23 37 00	1016.59	
2025 02 25 23 38 00	1016.60	
2025 02 25 23 39 00	1016.59	
2025 02 25 23 40 00	1016.57	
2025 02 25 23 41 00	1016.54	
2025 02 25 23 42 00	1016.56	
2025 02 25 23 43 00	1016.54	
2025 02 25 23 44 00	1016.52	
2025 02 25 23 45 00	1016.51	
2025 02 25 23 46 00	1016.52	
2025 02 25 23 47 00	1016.49	
2025 02 25 23 48 00	1016.49	
2025 02 25 23 49 00	1016.50	
2025 02 25 23 50 00	1016.51	
2025 02 25 23 51 00	1016.50	
2025 02 25 23 52 00	1016.47	
2025 02 25 23 53 00	1016.46	
2025 02 25 23 54 00	1016.45	
2025 02 25 23 55 00	1016.47	
2025 02 25 23 56 00	1016.45	
2025 02 25 23 57 00	1016.44	
2025 02 25 23 58 00	1016.42	
2025 02 25 23 59 00	1016.41	
2025 02 26 00 00 00	1016.41	
2025 02 26 00 01 00	1016.41	
2025 02 26 00 02 00	1016.43	
2025 02 26 00 03 00	1016.42	
2025 02 26 00 04 00	1016.41	
2025 02 26 00 05 00	1016.38	
2025 02 26 00 06 00	1016.35	
2025 02 26 00 07 00	1016.36	
2025 02 26 00 08 00	1016.35	
2025 02 26 00 09 00	1016.35	
2025 02 26 00 10 00	1016.33	
2025 02 26 00 11 00	1016.31	
2025 02 26 00 12 00	1016.30	
2025 02 26 00 13 00	1016.31	
2025 02 26 00 14 00	1016.29	
2025 02 26 00 15 00	1016.29	
2025 02 26 00 16 00	1016.31	
2025 02 26 00 17 00	1016.29	
2025 02 26 00 18 00	1016.31	
2025 02 26 00 19 00	1016.32	
2025 02 26 00 20 00	1016.29	
2025 02 26 00 21 00	1016.28	
2025 02 26 00 22 00	1016.28	
2025 02 26 00 23 00	1016.27	
2025 02 26 00 24 00	1016.26	
2025 02 26 00 25 00	1016.27	
2025 02 26 00 26 00	1016.27	
2025 02 26 00 27 00	1016.25	
2025 02 26 00 28 00	1016.28	
2025 02 26 00 29 00	1016.26	
2025 02 26 00 30 00	1016.24	
2025 02 26 00 31 00	1016.21	
2025 02 26 00 32 00	1016.19	
2025 02 26 00 33 00	1016.17	
2025 02 26 00 34 00	1016.16	
2025 02 26 00 35 00	1016.18	
2025 02 26 00 36 00	1016.19	
2025 02 26 00 37 00	1016.20	
2025 02 26 00 38 00	1016.19	
2025 02 26 00 39 00	1016.20	
2025 02 26 00 40 00	1016.20	
2025 02 26 00 41 00	1016.21	
2025 02 26 00 42 00	1016.22	
2025 02 26 00 43 00	1016.20	
2025 02 26 00 44 00	1016.19	
2025 02 26 00 45 00	1016.20	
2025 02 26 00 46 00	1016.20	
2025 02 26 00 47 00	1016.18	
2025 02 26 00 48 00	1016.17	
2025 02 26 00 49 00	1016.16	
2025 02 26 00 50 00	1016.16	
2025 02 26 00 51 00	1016.13	
2025 02 26 00 52 00	1016.15	
2025 02 26 00 53 00	1016.13	
2025 02 26 00 54 00	1016.13	
2025 02 26 00 55 00	1016.12	
2025 02 26 00 56 00	1016.10	
2025 02 26 00 57 00	1016.09	
2025 02 26 00 58 00	1016.05	
2025 02 26 00 59 00	1016.05	
2025 02 26 01 00 00	1016.04	
2025 02 26 01 01 00	1016.02	
2025 02 26 01 02 00	1016.03	
2025 02 26 01 03 00	1016.01	
2025 02 26 01 04 00	1015.99	
2025 02 26 01 05 00	1015.98	
2025 02 26 01 06 00	1015.95	
2025 02 26 01 07 00	1015.95	
2025 02 26 01 08 00	1015.94	
2025 02 26 01 09 00	1015.93	
2025 02 26 01 10 00	1015.91	
2025 02 26 01 11 00	1015.90	
2025 02 26 01 12 00	1015.86	
2025 02 26 01 13 00	1015.86	
2025 02 26 01 14 00	1015.84	
2025 02 26 01 15 00	1015.80	
2025 02 26 01 16 00	1015.78	
2025 02 26 01 17 00	1015.78	
2025 02 26 01 18 00	1015.76	
2025 02 26 01 19 00	1015.76	
2025 02 26 01 20 00	1015.74	
2025 02 26 01 21 00	1015.70	
2025 02 26 01 22 00	1015.68	
2025 02 26 01 23 00	1015.66	
2025 02 26 01 24 00	1015.64	
2025 02 26 01 25 00	1015.62	
2025 02 26 01 26 00	1015.60	
2025 02 26 01 27 00	1015.60	
2025 02 26 01 28 00	1015.60	
2025 02 26 01 29 00	1015.58	
2025 02 26 01 30 00	1015.54	
2025 02 26 01 31 00	1015.53	
2025 02 26 01 32 00	1015.54	
2025 02 26 01 33 00	1015.51	
2025 02 26 01 34 00	1015.50	
2025 02 26 01 35 00	1015.50	
2025 02 26 01 36 00	1015.50	
2025 02 26 01 37 00	1015.52	
2025 02 26 01 38 00	1015.54	
2025 02 26 01 39 00	1015.51	
2025 02 26 01 40 00	1015.51	
2025 02 26 01 41 00	1015.52	
2025 02 26 01 42 00	1015.51	
2025 02 26 01 43 00	1015.50	
2025 02 26 01 44 00	1015.49	
2025 02 26 01 45 00	1015.53	
2025 02 26 01 46 00	1015.55	
2025 02 26 01 47 00	1015.54	
2025 02 26 01 48 00	1015.52	
2025 02 26 01 49 00	1015.53	
2025 02 26 01 50 00	1015.50	
2025 02 26 01 51 00	1015.48	
2025 02 26 01 52 00	1015.49	
2025 02 26 01 53 00	1015.47	
2025 02 26 01 54 00	1015.44	
2025 02 26 01 55 00	1015.41	
2025 02 26 01 56 00	1015.41	
2025 02 26 01 57 00	1015.39	
2025 02 26 01 58 00	1015.37	
2025 02 26 01 59 00	1015.34	
2025 02 26 02 00 00	1015.31	
2025 02 26 02 01 00	1015.29	
2025 02 26 02 02 00	1015.28	
2025 02 26 02 03 00	1015.27	
2025 02 26 02 04 00	1015.25	
2025 02 26 02 05 00	1015.26	
2025 02 26 02 06 00	1015.24	
2025 02 26 02 07 00	1015.23	
2025 02 26 02 08 00	1015.23	
2025 02 26 02 09 00	1015.21	
2025 02 26 02 10 00	1015.18	
2025 02 26 02 11 00	1015.19	
2025 02 26 02 12 00	1015.16	
2025 02 26 02 13 00	1015.16	
2025 02 26 02 14 00	1015.13	
2025 02 26 02 15 00	1015.11	
2025 02 26 02 16 00	1015.10	
2025 02 26 02 17 00	1015.09	
2025 02 26 02 18 00	1015.06	
2025 02 26 02 19 00	1015.08	
2025 02 26 02 20 00	1015.06	
2025 02 26 02 21 00	1015.06	
2025 02 26 02 22 00	1015.04	
2025 02 26 02 23 00	1015.02	
2025 02 26 02 24 00	1015.02	
2025 02 26 02 25 00	1015.02	
2025 02 26 02 26 00	1015.02	
2025 02 26 02 27 00	1014.99	
2025 02 26 02 28 00	1015.00	
2025 02 26 02 29 00	1014.99	
2025 02 26 02 30 00	1014.98	
2025 02 26 02 31 00	1014.96	
2025 02 26 02 32 00	1014.96	
2025 02 26 02 33 00	1014.99	
2025 02 26 02 34 00	1014.96	
2025 02 26 02 35 00	1014.96	
2025 02 26 02 36 00	1014.97	
2025 02 26 02 37 00	1014.97	
2025 02 26 02 38 00	1014.95	
2025 02 26 02 39 00	1014.93	
2025 02 26 02 40 00	1014.91	
2025 02 26 02 41 00	1014.89	
2025 02 26 02 42 00	1014.90	
2025 02 26 02 43 00	1014.90	
2025 02 26 02 44 00	1014.90	
2025 02 26 02 45 00	1014.90	
2025 02 26 02 46 00	1014.93	
2025 02 26 02 47 00	1014.95	
2025 02 26 02 48 00	1014.93	
2025 02 26 02 49 00	1014.93	
2025 02 26 02 50 00	1014.91	
2025 02 26 02 51 00	1014.92	
2025 02 26 02 52 00	1014.91	
2025 02 26 02 53 00	1014.92	
2025 02 26 02 54 00	1014.91	
2025 02 26 02 55 00	1014.92	
2025 02 26 02 56 00	1014.91	
2025 02 26 02 57 00	1014.88	
2025 02 26 02 58 00	1014.88	
2025 02 26 02 59 00	1014.87	
2025 02 26 03 00 00	1014.86	
2025 02 26 03 01 00	1014.86	
2025 02 26 03 02 00	1014.86	
2025 02 26 03 03 00	1014.87	
2025 02 26 03 04 00	1014.86	
2025 02 26 03 05 00	1014.88	
2025 02 26 03 06 00	1014.89	
2025 02 26 03 07 00	1014.89	
2025 02 26 03 08 00	1014.90	
2025 02 26 03 09 00	1014.87	
2025 02 26 03 10 00	1014.88	
2025 02 26 03 11 00	1014.88	
2025 02 26 03 12 00	1014.88	
2025 02 26 03 13 00	1014.90	
2025 02 26 03 14 00	1014.91	
2025 02 26 03 15 00	1014.88	
2025 02 26 03 16 00	1014.86	
2025 02 26 03 17 00	1014.88	
2025 02 26 03 18 00	1014.86	
2025 02 26 03 19 00	1014.85	
2025 02 26 03 20 00	1014.82	
2025 02 26 03 21 00	1014.83	
2025 02 26 03 22 00	1014.81	
2025 02 26 03 23 00	1014.81	
2025 02 26 03 24 00	1014.82	
2025 02 26 03 25 00	1014.78	
2025 02 26 03 26 00	1014.79	
2025 02 26 03 27 00	1014.81	
2025 02 26 03 28 00	1014.80	
2025 02 26 03 29 00	1014.79	
2025 02 26 03 30 00	1014.79	
2025 02 26 03 31 00	1014.81	
2025 02 26 03 32 00	1014.80	
2025 02 26 03 33 00	1014.77	
2025 02 26 03 34 00	1014.77	
2025 02 26 03 35 00	1014.75	
2025 02 26 03 36 00	1014.73	
2025 02 26 03 37 00	1014.74	
2025 02 26 03 38 00	1014.72	
2025 02 26 03 39 00	1014.72	
2025 02 26 03 40 00	1014.71	
2025 02 26 03 41 00	1014.72	
2025 02 26 03 42 00	1014.72	
2025 02 26 03 43 00	1014.72	
2025 02 26 03 44 00	1014.72	
2025 02 26 03 45 00	1014.72	
2025 02 26 03 46 00	1014.74	
2025 02 26 03 47 00	1014.73	
2025 02 26 03 48 00	1014.72	
2025 02 26 03 49 00	1014.71	
2025 02 26 03 50 00	1014.71	
2025 02 26 03 51 00	1014.71	
2025 02 26 03 52 00	1014.70	
2025 02 26 03 53 00	1014.68	
2025 02 26 03 54 00	1014.67	
2025 02 26 03 55 00	1014.67	
2025 02 26 03 56 00	1014.70	
2025 02 26 03 57 00	1014.71	
2025 02 26 03 58 00	1014.71	
2025 02 26 03 59 00	1014.70	
2025 02 26 04 00 00	1014.71	
2025 02 26 04 01 00	1014.73	
2025 02 26 04 02 00	1014.73	
2025 02 26 04 03 00	1014.75	
2025 02 26 04 04 00	1014.72	
2025 02 26 04 05 00	1014.73	
2025 02 26 04 06 00	1014.73	
2025 02 26 04 07 00	1014.73	
2025 02 26 04 08 00	1014.73	
2025 02 26 04 09 00	1014.74	
2025 02 26 04 10 00	1014.73	
2025 02 26 04 11 00	1014.73	
2025 02 26 04 12 00	1014.72	
2025 02 26 04 13 00	1014.73	
2025 02 26 04 14 00	1014.73	
2025 02 26 04 15 00	1014.72	
2025 02 26 04 16 00	1014.73	
2025 02 26 04 17 00	1014.74	
2025 02 26 04 18 00	1014.74	
2025 02 26 04 19 00	1014.71	
2025 02 26 04 20 00	1014.71	
2025 02 26 04 21 00	1014.70	
2025 02 26 04 22 00	1014.71	
2025 02 26 04 23 00	1014.71	
2025 02 26 04 24 00	1014.70	
2025 02 26 04 25 00	1014.70	
2025 02 26 04 26 00	1014.69	
2025 02 26 04 27 00	1014.68	
2025 02 26 04 28 00	1014.67	
2025 02 26 04 29 00	1014.66	
2025 02 26 04 30 00	1014.66	
2025 02 26 04 31 00	1014.66	
2025 02 26 04 32 00	1014.64	
2025 02 26 04 33 00	1014.65	
2025 02 26 04 34 00	1014.63	
2025 02 26 04 35 00	1014.64	
2025 02 26 04 36 00	1014.64	
2025 02 26 04 37 00	1014.62	
2025 02 26 04 38 00	1014.64	
2025 02 26 04 39 00	1014.62	
2025 02 26 04 40 00	1014.61	
2025 02 26 04 41 00	1014.63	
2025 02 26 04 42 00	1014.62	
2025 02 26 04 43 00	1014.60	
2025 02 26 04 44 00	1014.58	
2025 02 26 04 45 00	1014.58	
2025 02 26 04 46 00	1014.58	
2025 02 26 04 47 00	1014.58	
2025 02 26 04 48 00	1014.59	
2025 02 26 04 49 00	1014.57	
2025 02 26 04 50 00	1014.58	
2025 02 26 04 51 00	1014.58	
2025 02 26 04 52 00	1014.57	
2025 02 26 04 53 00	1014.56	
2025 02 26 04 54 00	1014.55	
2025 02 26 04 55 00	1014.55	
2025 02 26 04 56 00	1014.54	
2025 02 26 04 57 00	1014.54	
2025 02 26 04 58 00	1014.51	
2025 02 26 04 59 00	1014.53	
2025 02 26 05 00 00	1014.53	
2025 02 26 05 01 00	1014.53	
2025 02 26 05 02 00	1014.53	
2025 02 26 05 03 00	1014.52	
2025 02 26 05 04 00	1014.51	
2025 02 26 05 05 00	1014.50	
2025 02 26 05 06 00	1014.49	
2025 02 26 05 07 00	1014.49	
2025 02 26 05 08 00	1014.46	
2025 02 26 05 09 00	1014.47	
2025 02 26 05 10 00	1014.45	
2025 02 26 05 11 00	1014.45	
2025 02 26 05 12 00	1014.45	
2025 02 26 05 13 00	1014.46	
2025 02 26 05 14 00	1014.46	
2025 02 26 05 15 00	1014.44	
2025 02 26 05 16 00	1014.43	
2025 02 26 05 17 00	1014.42	
2025 02 26 05 18 00	1014.42	
2025 02 26 05 19 00	1014.42	
2025 02 26 05 20 00	1014.40	
2025 02 26 05 21 00	1014.40	
2025 02 26 05 22 00	1014.40	
2025 02 26 05 23 00	1014.37	
2025 02 26 05 24 00	1014.39	
2025 02 26 05 25 00	1014.38	
2025 02 26 05 26 00	1014.38	
2025 02 26 05 27 00	1014.35	
2025 02 26 05 28 00	1014.35	
2025 02 26 05 29 00	1014.36	
2025 02 26 05 30 00	1014.34	
2025 02 26 05 31 00	1014.35	
2025 02 26 05 32 00	1014.34	
2025 02 26 05 33 00	1014.35	
2025 02 26 05 34 00	1014.34	
2025 02 26 05 35 00	1014.35	
2025 02 26 05 36 00	1014.33	
2025 02 26 05 37 00	1014.34	
2025 02 26 05 38 00	1014.36	
2025 02 26 05 39 00	1014.35	
2025 02 26 05 40 00	1014.34	
2025 02 26 05 41 00	1014.35	
2025 02 26 05 42 00	1014.36	
2025 02 26 05 43 00	1014.35	
2025 02 26 05 44 00	1014.34	
2025 02 26 05 45 00	1014.33	
2025 02 26 05 46 00	1014.35	
2025 02 26 05 47 00	1014.34	
2025 02 26 05 48 00	1014.33	
2025 02 26 05 49 00	1014.33	
2025 02 26 05 50 00	1014.34	
2025 02 26 05 51 00	1014.32	
2025 02 26 05 52 00	1014.33	
2025 02 26 05 53 00	1014.33	
2025 02 26 05 54 00	1014.34	
2025 02 26 05 55 00	1014.35	
2025 02 26 05 56 00	1014.34	
2025 02 26 05 57 00	1014.34	
2025 02 26 05 58 00	1014.33	
2025 02 26 05 59 00	1014.33	
2025 02 26 06 00 00	1014.32	
2025 02 26 06 01 00	1014.32	
2025 02 26 06 02 00	1014.32	
2025 02 26 06 03 00	1014.32	
2025 02 26 06 04 00	1014.29	
2025 02 26 06 05 00	1014.30	
2025 02 26 06 06 00	1014.29	
2025 02 26 06 07 00	1014.30	
2025 02 26 06 08 00	1014.31	
2025 02 26 06 09 00	1014.32	
2025 02 26 06 10 00	1014.31	
2025 02 26 06 11 00	1014.33	
2025 02 26 06 12 00	1014.31	
2025 02 26 06 13 00	1014.33	
2025 02 26 06 14 00	1014.32	
2025 02 26 06 15 00	1014.33	
2025 02 26 06 16 00	1014.33	
2025 02 26 06 17 00	1014.34	
2025 02 26 06 18 00	1014.32	
2025 02 26 06 19 00	1014.34	
2025 02 26 06 20 00	1014.37	
2025 02 26 06 21 00	1014.38	
2025 02 26 06 22 00	1014.37	
2025 02 26 06 23 00	1014.39	
2025 02 26 06 24 00	1014.39	
2025 02 26 06 25 00	1014.39	
2025 02 26 06 26 00	1014.42	
2025 02 26 06 27 00	1014.40	
2025 02 26 06 28 00	1014.44	
2025 02 26 06 29 00	1014.45	
2025 02 26 06 30 00	1014.45	
2025 02 26 06 31 00	1014.44	
2025 02 26 06 32 00	1014.41	
2025 02 26 06 33 00	1014.42	
2025 02 26 06 34 00	1014.45	
2025 02 26 06 35 00	1014.45	
2025 02 26 06 36 00	1014.44	
2025 02 26 06 37 00	1014.44	
2025 02 26 06 38 00	1014.45	
2025 02 26 06 39 00	1014.45	
2025 02 26 06 40 00	1014.46	
2025 02 26 06 41 00	1014.45	
2025 02 26 06 42 00	1014.44	
2025 02 26 06 43 00	1014.46	
2025 02 26 06 44 00	1014.46	
2025 02 26 06 45 00	1014.44	
2025 02 26 06 46 00	1014.43	
2025 02 26 06 47 00	1014.44	
2025 02 26 06 48 00	1014.43	
2025 02 26 06 49 00	1014.45	
2025 02 26 06 50 00	1014.44	
2025 02 26 06 51 00	1014.46	
2025 02 26 06 52 00	1014.44	
2025 02 26 06 53 00	1014.43	
2025 02 26 06 54 00	1014.45	
2025 02 26 06 55 00	1014.42	
2025 02 26 06 56 00	1014.43	
2025 02 26 06 57 00	1014.44	
2025 02 26 06 58 00	1014.44	
2025 02 26 06 59 00	1014.44	
2025 02 26 07 00 00	1014.44	
