2025 01 14 07 01 00	1034.04	
2025 01 14 07 02 00	1034.10	
2025 01 14 07 03 00	1034.07	
2025 01 14 07 04 00	1033.99	
2025 01 14 07 05 00	1033.75	
2025 01 14 07 06 00	1033.90	
2025 01 14 07 07 00	1033.96	
2025 01 14 07 08 00	1033.97	
2025 01 14 07 09 00	1034.00	
2025 01 14 07 10 00	1033.88	
2025 01 14 07 11 00	1034.02	
2025 01 14 07 12 00	1034.11	
2025 01 14 07 13 00	1034.00	
2025 01 14 07 14 00	1033.99	
2025 01 14 07 15 00	1033.85	
2025 01 14 07 16 00	1033.91	
2025 01 14 07 17 00	1034.02	
2025 01 14 07 18 00	1033.96	
2025 01 14 07 19 00	1033.94	
2025 01 14 07 20 00	1034.01	
2025 01 14 07 21 00	1033.94	
2025 01 14 07 22 00	1033.96	
2025 01 14 07 23 00	1034.05	
2025 01 14 07 24 00	1034.18	
2025 01 14 07 25 00	1033.88	
2025 01 14 07 26 00	1033.97	
2025 01 14 07 27 00	1033.86	
2025 01 14 07 28 00	1033.94	
2025 01 14 07 29 00	1034.15	
2025 01 14 07 30 00	1034.09	
2025 01 14 07 31 00	1034.21	
2025 01 14 07 32 00	1033.96	
2025 01 14 07 33 00	1033.93	
2025 01 14 07 34 00	1033.92	
2025 01 14 07 35 00	1033.78	
2025 01 14 07 36 00	1033.87	
2025 01 14 07 37 00	1033.98	
2025 01 14 07 38 00	1034.11	
2025 01 14 07 39 00	1034.27	
2025 01 14 07 40 00	1034.40	
2025 01 14 07 41 00	1034.37	
2025 01 14 07 42 00	1034.19	
2025 01 14 07 43 00	1034.07	
2025 01 14 07 44 00	1033.99	
2025 01 14 07 45 00	1034.15	
2025 01 14 07 46 00	1034.19	
2025 01 14 07 47 00	1034.20	
2025 01 14 07 48 00	1034.30	
2025 01 14 07 49 00	1034.44	
2025 01 14 07 50 00	1034.35	
2025 01 14 07 51 00	1034.31	
2025 01 14 07 52 00	1034.16	
2025 01 14 07 53 00	1034.40	
2025 01 14 07 54 00	1034.14	
2025 01 14 07 55 00	1034.37	
2025 01 14 07 56 00	1034.53	
2025 01 14 07 57 00	1034.44	
2025 01 14 07 58 00	1034.43	
2025 01 14 07 59 00	1034.43	
2025 01 14 08 00 00	1034.53	
2025 01 14 08 01 00	1034.42	
2025 01 14 08 02 00	1034.67	
2025 01 14 08 03 00	1034.43	
2025 01 14 08 04 00	1034.52	
2025 01 14 08 05 00	1034.41	
2025 01 14 08 06 00	1034.38	
2025 01 14 08 07 00	1034.51	
2025 01 14 08 08 00	1034.54	
2025 01 14 08 09 00	1034.65	
2025 01 14 08 10 00	1034.48	
2025 01 14 08 11 00	1034.54	
2025 01 14 08 12 00	1034.29	
2025 01 14 08 13 00	1034.41	
2025 01 14 08 14 00	1034.60	
2025 01 14 08 15 00	1034.52	
2025 01 14 08 16 00	1034.42	
2025 01 14 08 17 00	1034.42	
2025 01 14 08 18 00	1034.38	
2025 01 14 08 19 00	1034.47	
2025 01 14 08 20 00	1034.78	
2025 01 14 08 21 00	1034.49	
2025 01 14 08 22 00	1034.22	
2025 01 14 08 23 00	1034.36	
2025 01 14 08 24 00	1034.49	
2025 01 14 08 25 00	1034.43	
2025 01 14 08 26 00	1034.53	
2025 01 14 08 27 00	1034.59	
2025 01 14 08 28 00	1034.56	
2025 01 14 08 29 00	1034.70	
2025 01 14 08 30 00	1034.43	
2025 01 14 08 31 00	1034.61	
2025 01 14 08 32 00	1034.55	
2025 01 14 08 33 00	1034.55	
2025 01 14 08 34 00	1034.73	
2025 01 14 08 35 00	1034.63	
2025 01 14 08 36 00	1034.74	
2025 01 14 08 37 00	1034.79	
2025 01 14 08 38 00	1034.70	
2025 01 14 08 39 00	1034.56	
2025 01 14 08 40 00	1034.58	
2025 01 14 08 41 00	1034.64	
2025 01 14 08 42 00	1034.63	
2025 01 14 08 43 00	1034.73	
2025 01 14 08 44 00	1034.63	
2025 01 14 08 45 00	1034.33	
2025 01 14 08 46 00	1034.54	
2025 01 14 08 47 00	1034.53	
2025 01 14 08 48 00	1034.66	
2025 01 14 08 49 00	1034.68	
2025 01 14 08 50 00	1034.57	
2025 01 14 08 51 00	1034.63	
2025 01 14 08 52 00	1034.63	
2025 01 14 08 53 00	1034.79	
2025 01 14 08 54 00	1034.83	
2025 01 14 08 55 00	1034.81	
2025 01 14 08 56 00	1034.86	
2025 01 14 08 57 00	1034.90	
2025 01 14 08 58 00	1034.98	
2025 01 14 08 59 00	1034.90	
2025 01 14 09 00 00	1034.84	
2025 01 14 09 01 00	1034.87	
2025 01 14 09 02 00	1034.74	
2025 01 14 09 03 00	1034.66	
2025 01 14 09 04 00	1034.59	
2025 01 14 09 05 00	1034.66	
2025 01 14 09 06 00	1034.65	
2025 01 14 09 07 00	1034.72	
2025 01 14 09 08 00	1034.72	
2025 01 14 09 09 00	1034.61	
2025 01 14 09 10 00	1034.49	
2025 01 14 09 11 00	1034.54	
2025 01 14 09 12 00	1034.67	
2025 01 14 09 13 00	1034.66	
2025 01 14 09 14 00	1034.72	
2025 01 14 09 15 00	1034.73	
2025 01 14 09 16 00	1034.66	
2025 01 14 09 17 00	1034.60	
2025 01 14 09 18 00	1034.67	
2025 01 14 09 19 00	1034.64	
2025 01 14 09 20 00	1034.58	
2025 01 14 09 21 00	1034.61	
2025 01 14 09 22 00	1034.62	
2025 01 14 09 23 00	1034.51	
2025 01 14 09 24 00	1034.47	
2025 01 14 09 25 00	1034.33	
2025 01 14 09 26 00	1034.54	
2025 01 14 09 27 00	1034.39	
2025 01 14 09 28 00	1034.32	
2025 01 14 09 29 00	1034.43	
2025 01 14 09 30 00	1034.49	
2025 01 14 09 31 00	1034.47	
2025 01 14 09 32 00	1034.47	
2025 01 14 09 33 00	1034.38	
2025 01 14 09 34 00	1034.36	
2025 01 14 09 35 00	1034.34	
2025 01 14 09 36 00	1034.34	
2025 01 14 09 37 00	1034.33	
2025 01 14 09 38 00	1034.41	
2025 01 14 09 39 00	1034.37	
2025 01 14 09 40 00	1034.25	
2025 01 14 09 41 00	1034.28	
2025 01 14 09 42 00	1034.27	
2025 01 14 09 43 00	1034.29	
2025 01 14 09 44 00	1034.31	
2025 01 14 09 45 00	1034.29	
2025 01 14 09 46 00	1034.25	
2025 01 14 09 47 00	1034.24	
2025 01 14 09 48 00	1034.15	
2025 01 14 09 49 00	1034.16	
2025 01 14 09 50 00	1034.22	
2025 01 14 09 51 00	1034.21	
2025 01 14 09 52 00	1034.21	
2025 01 14 09 53 00	1034.23	
2025 01 14 09 54 00	1034.10	
2025 01 14 09 55 00	1034.15	
2025 01 14 09 56 00	1034.07	
2025 01 14 09 57 00	1034.09	
2025 01 14 09 58 00	1034.09	
2025 01 14 09 59 00	1033.91	
2025 01 14 10 00 00	1033.82	
2025 01 14 10 01 00	1033.72	
2025 01 14 10 02 00	1033.80	
2025 01 14 10 03 00	1033.80	
2025 01 14 10 04 00	1033.75	
2025 01 14 10 05 00	1033.60	
2025 01 14 10 06 00	1033.76	
2025 01 14 10 07 00	1033.74	
2025 01 14 10 08 00	1033.61	
2025 01 14 10 09 00	1033.54	
2025 01 14 10 10 00	1033.52	
2025 01 14 10 11 00	1033.52	
2025 01 14 10 12 00	1033.41	
2025 01 14 10 13 00	1033.41	
2025 01 14 10 14 00	1033.51	
2025 01 14 10 15 00	1033.44	
2025 01 14 10 16 00	1033.34	
2025 01 14 10 17 00	1033.31	
2025 01 14 10 18 00	1033.26	
2025 01 14 10 19 00	1033.39	
2025 01 14 10 20 00	1033.36	
2025 01 14 10 21 00	1033.29	
2025 01 14 10 22 00	1033.32	
2025 01 14 10 23 00	1033.19	
2025 01 14 10 24 00	1033.19	
2025 01 14 10 25 00	1033.20	
2025 01 14 10 26 00	1033.21	
2025 01 14 10 27 00	1033.30	
2025 01 14 10 28 00	1033.22	
2025 01 14 10 29 00	1033.21	
2025 01 14 10 30 00	1033.42	
2025 01 14 10 31 00	1033.03	
2025 01 14 10 32 00	1033.08	
2025 01 14 10 33 00	1033.21	
2025 01 14 10 34 00	1033.12	
2025 01 14 10 35 00	1033.10	
2025 01 14 10 36 00	1033.11	
2025 01 14 10 37 00	1032.93	
2025 01 14 10 38 00	1033.15	
2025 01 14 10 39 00	1033.08	
2025 01 14 10 40 00	1032.96	
2025 01 14 10 41 00	1033.00	
2025 01 14 10 42 00	1032.92	
2025 01 14 10 43 00	1032.91	
2025 01 14 10 44 00	1032.98	
2025 01 14 10 45 00	1032.85	
2025 01 14 10 46 00	1033.00	
2025 01 14 10 47 00	1032.96	
2025 01 14 10 48 00	1032.98	
2025 01 14 10 49 00	1032.71	
2025 01 14 10 50 00	1032.75	
2025 01 14 10 51 00	1032.86	
2025 01 14 10 52 00	1032.96	
2025 01 14 10 53 00	1032.79	
2025 01 14 10 54 00	1032.81	
2025 01 14 10 55 00	1032.87	
2025 01 14 10 56 00	1032.90	
2025 01 14 10 57 00	1032.86	
2025 01 14 10 58 00	1032.93	
2025 01 14 10 59 00	1033.08	
2025 01 14 11 00 00	1033.03	
2025 01 14 11 01 00	1032.88	
2025 01 14 11 02 00	1033.01	
2025 01 14 11 03 00	1032.86	
2025 01 14 11 04 00	1033.07	
2025 01 14 11 05 00	1033.12	
2025 01 14 11 06 00	1033.10	
2025 01 14 11 07 00	1033.06	
2025 01 14 11 08 00	1033.08	
2025 01 14 11 09 00	1033.04	
2025 01 14 11 10 00	1033.09	
2025 01 14 11 11 00	1033.12	
2025 01 14 11 12 00	1033.12	
2025 01 14 11 13 00	1033.13	
2025 01 14 11 14 00	1033.07	
2025 01 14 11 15 00	1033.23	
2025 01 14 11 16 00	1033.22	
2025 01 14 11 17 00	1033.24	
2025 01 14 11 18 00	1033.25	
2025 01 14 11 19 00	1033.20	
2025 01 14 11 20 00	1033.40	
2025 01 14 11 21 00	1033.27	
2025 01 14 11 22 00	1033.27	
2025 01 14 11 23 00	1033.21	
2025 01 14 11 24 00	1033.29	
2025 01 14 11 25 00	1033.45	
2025 01 14 11 26 00	1033.37	
2025 01 14 11 27 00	1033.33	
2025 01 14 11 28 00	1033.31	
2025 01 14 11 29 00	1033.31	
2025 01 14 11 30 00	1033.51	
2025 01 14 11 31 00	1033.46	
2025 01 14 11 32 00	1033.36	
2025 01 14 11 33 00	1033.48	
2025 01 14 11 34 00	1033.52	
2025 01 14 11 35 00	1033.66	
2025 01 14 11 36 00	1033.49	
2025 01 14 11 37 00	1033.62	
2025 01 14 11 38 00	1033.31	
2025 01 14 11 39 00	1033.40	
2025 01 14 11 40 00	1033.41	
2025 01 14 11 41 00	1033.37	
2025 01 14 11 42 00	1033.26	
2025 01 14 11 43 00	1033.25	
2025 01 14 11 44 00	1033.25	
2025 01 14 11 45 00	1033.25	
2025 01 14 11 46 00	1033.09	
2025 01 14 11 47 00	1033.33	
2025 01 14 11 48 00	1033.30	
2025 01 14 11 49 00	1033.23	
2025 01 14 11 50 00	1033.16	
2025 01 14 11 51 00	1033.07	
2025 01 14 11 52 00	1033.05	
2025 01 14 11 53 00	1032.99	
2025 01 14 11 54 00	1032.97	
2025 01 14 11 55 00	1032.94	
2025 01 14 11 56 00	1033.01	
2025 01 14 11 57 00	1032.88	
2025 01 14 11 58 00	1032.89	
2025 01 14 11 59 00	1032.90	
2025 01 14 12 00 00	1032.82	
2025 01 14 12 01 00	1032.78	
2025 01 14 12 02 00	1032.78	
2025 01 14 12 03 00	1032.84	
2025 01 14 12 04 00	1032.73	
2025 01 14 12 05 00	1032.76	
2025 01 14 12 06 00	1032.66	
2025 01 14 12 07 00	1032.66	
2025 01 14 12 08 00	1032.70	
2025 01 14 12 09 00	1032.76	
2025 01 14 12 10 00	1032.69	
2025 01 14 12 11 00	1032.55	
2025 01 14 12 12 00	1032.64	
2025 01 14 12 13 00	1032.66	
2025 01 14 12 14 00	1032.75	
2025 01 14 12 15 00	1032.62	
2025 01 14 12 16 00	1032.56	
2025 01 14 12 17 00	1032.56	
2025 01 14 12 18 00	1032.55	
2025 01 14 12 19 00	1032.51	
2025 01 14 12 20 00	1032.54	
2025 01 14 12 21 00	1032.63	
2025 01 14 12 22 00	1032.63	
2025 01 14 12 23 00	1032.53	
2025 01 14 12 24 00	1032.59	
2025 01 14 12 25 00	1032.55	
2025 01 14 12 26 00	1032.52	
2025 01 14 12 27 00	1032.43	
2025 01 14 12 28 00	1032.53	
2025 01 14 12 29 00	1032.45	
2025 01 14 12 30 00	1032.37	
2025 01 14 12 31 00	1032.34	
2025 01 14 12 32 00	1032.43	
2025 01 14 12 33 00	1032.43	
2025 01 14 12 34 00	1032.36	
2025 01 14 12 35 00	1032.44	
2025 01 14 12 36 00	1032.59	
2025 01 14 12 37 00	1032.65	
2025 01 14 12 38 00	1032.64	
2025 01 14 12 39 00	1032.54	
2025 01 14 12 40 00	1032.38	
2025 01 14 12 41 00	1032.48	
2025 01 14 12 42 00	1032.53	
2025 01 14 12 43 00	1032.53	
2025 01 14 12 44 00	1032.50	
2025 01 14 12 45 00	1032.47	
2025 01 14 12 46 00	1032.51	
2025 01 14 12 47 00	1032.37	
2025 01 14 12 48 00	1032.41	
2025 01 14 12 49 00	1032.41	
2025 01 14 12 50 00	1032.33	
2025 01 14 12 51 00	1032.19	
2025 01 14 12 52 00	1032.24	
2025 01 14 12 53 00	1032.38	
2025 01 14 12 54 00	1032.34	
2025 01 14 12 55 00	1032.35	
2025 01 14 12 56 00	1032.35	
2025 01 14 12 57 00	1032.33	
2025 01 14 12 58 00	1032.31	
2025 01 14 12 59 00	1032.35	
2025 01 14 13 00 00	1032.36	
2025 01 14 13 01 00	1032.35	
2025 01 14 13 02 00	1032.28	
2025 01 14 13 03 00	1032.25	
2025 01 14 13 04 00	1032.24	
2025 01 14 13 05 00	1032.15	
2025 01 14 13 06 00	1032.33	
2025 01 14 13 07 00	1032.28	
2025 01 14 13 08 00	1032.19	
2025 01 14 13 09 00	1032.15	
2025 01 14 13 10 00	1032.30	
2025 01 14 13 11 00	1032.26	
2025 01 14 13 12 00	1032.34	
2025 01 14 13 13 00	1032.25	
2025 01 14 13 14 00	1032.24	
2025 01 14 13 15 00	1032.25	
2025 01 14 13 16 00	1032.25	
2025 01 14 13 17 00	1032.10	
2025 01 14 13 18 00	1032.15	
2025 01 14 13 19 00	1032.28	
2025 01 14 13 20 00	1032.30	
2025 01 14 13 21 00	1032.25	
2025 01 14 13 22 00	1032.14	
2025 01 14 13 23 00	1032.21	
2025 01 14 13 24 00	1032.21	
2025 01 14 13 25 00	1032.20	
2025 01 14 13 26 00	1032.02	
2025 01 14 13 27 00	1032.07	
2025 01 14 13 28 00	1032.15	
2025 01 14 13 29 00	1032.15	
2025 01 14 13 30 00	1032.09	
2025 01 14 13 31 00	1032.17	
2025 01 14 13 32 00	1032.09	
2025 01 14 13 33 00	1032.00	
2025 01 14 13 34 00	1032.03	
2025 01 14 13 35 00	1032.09	
2025 01 14 13 36 00	1031.98	
2025 01 14 13 37 00	1031.98	
2025 01 14 13 38 00	1032.15	
2025 01 14 13 39 00	1032.00	
2025 01 14 13 40 00	1031.96	
2025 01 14 13 41 00	1031.96	
2025 01 14 13 42 00	1032.04	
2025 01 14 13 43 00	1031.97	
2025 01 14 13 44 00	1032.05	
2025 01 14 13 45 00	1031.95	
2025 01 14 13 46 00	1031.93	
2025 01 14 13 47 00	1031.90	
2025 01 14 13 48 00	1031.88	
2025 01 14 13 49 00	1031.88	
2025 01 14 13 50 00	1031.84	
2025 01 14 13 51 00	1031.88	
2025 01 14 13 52 00	1031.89	
2025 01 14 13 53 00	1031.80	
2025 01 14 13 54 00	1031.94	
2025 01 14 13 55 00	1031.93	
2025 01 14 13 56 00	1031.84	
2025 01 14 13 57 00	1031.92	
2025 01 14 13 58 00	1031.90	
2025 01 14 13 59 00	1031.97	
2025 01 14 14 00 00	1031.98	
2025 01 14 14 01 00	1031.95	
2025 01 14 14 02 00	1031.81	
2025 01 14 14 03 00	1031.81	
2025 01 14 14 04 00	1031.88	
2025 01 14 14 05 00	1031.90	
2025 01 14 14 06 00	1031.88	
2025 01 14 14 07 00	1031.85	
2025 01 14 14 08 00	1031.82	
2025 01 14 14 09 00	1031.85	
2025 01 14 14 10 00	1031.86	
2025 01 14 14 11 00	1031.75	
2025 01 14 14 12 00	1031.81	
2025 01 14 14 13 00	1031.91	
2025 01 14 14 14 00	1031.93	
2025 01 14 14 15 00	1031.85	
2025 01 14 14 16 00	1031.84	
2025 01 14 14 17 00	1031.76	
2025 01 14 14 18 00	1031.78	
2025 01 14 14 19 00	1031.89	
2025 01 14 14 20 00	1031.82	
2025 01 14 14 21 00	1031.77	
2025 01 14 14 22 00	1031.84	
2025 01 14 14 23 00	1031.87	
2025 01 14 14 24 00	1031.77	
2025 01 14 14 25 00	1031.72	
2025 01 14 14 26 00	1031.70	
2025 01 14 14 27 00	1031.68	
2025 01 14 14 28 00	1031.70	
2025 01 14 14 29 00	1031.56	
2025 01 14 14 30 00	1031.56	
2025 01 14 14 31 00	1031.67	
2025 01 14 14 32 00	1031.57	
2025 01 14 14 33 00	1031.71	
2025 01 14 14 34 00	1031.70	
2025 01 14 14 35 00	1031.63	
2025 01 14 14 36 00	1031.68	
2025 01 14 14 37 00	1031.73	
2025 01 14 14 38 00	1031.61	
2025 01 14 14 39 00	1031.68	
2025 01 14 14 40 00	1031.71	
2025 01 14 14 41 00	1031.66	
2025 01 14 14 42 00	1031.70	
2025 01 14 14 43 00	1031.53	
2025 01 14 14 44 00	1031.66	
2025 01 14 14 45 00	1031.66	
2025 01 14 14 46 00	1031.55	
2025 01 14 14 47 00	1031.56	
2025 01 14 14 48 00	1031.52	
2025 01 14 14 49 00	1031.50	
2025 01 14 14 50 00	1031.52	
2025 01 14 14 51 00	1031.45	
2025 01 14 14 52 00	1031.42	
2025 01 14 14 53 00	1031.47	
2025 01 14 14 54 00	1031.37	
2025 01 14 14 55 00	1031.29	
2025 01 14 14 56 00	1031.28	
2025 01 14 14 57 00	1031.39	
2025 01 14 14 58 00	1031.39	
2025 01 14 14 59 00	1031.32	
2025 01 14 15 00 00	1031.34	
2025 01 14 15 01 00	1031.37	
2025 01 14 15 02 00	1031.36	
2025 01 14 15 03 00	1031.37	
2025 01 14 15 04 00	1031.27	
2025 01 14 15 05 00	1031.35	
2025 01 14 15 06 00	1031.29	
2025 01 14 15 07 00	1031.34	
2025 01 14 15 08 00	1031.39	
2025 01 14 15 09 00	1031.37	
2025 01 14 15 10 00	1031.43	
2025 01 14 15 11 00	1031.36	
2025 01 14 15 12 00	1031.42	
2025 01 14 15 13 00	1031.30	
2025 01 14 15 14 00	1031.29	
2025 01 14 15 15 00	1031.23	
2025 01 14 15 16 00	1031.26	
2025 01 14 15 17 00	1031.32	
2025 01 14 15 18 00	1031.36	
2025 01 14 15 19 00	1031.36	
2025 01 14 15 20 00	1031.36	
2025 01 14 15 21 00	1031.37	
2025 01 14 15 22 00	1031.44	
2025 01 14 15 23 00	1031.43	
2025 01 14 15 24 00	1031.46	
2025 01 14 15 25 00	1031.51	
2025 01 14 15 26 00	1031.48	
2025 01 14 15 27 00	1031.44	
2025 01 14 15 28 00	1031.39	
2025 01 14 15 29 00	1031.43	
2025 01 14 15 30 00	1031.39	
2025 01 14 15 31 00	1031.38	
2025 01 14 15 32 00	1031.44	
2025 01 14 15 33 00	1031.49	
2025 01 14 15 34 00	1031.40	
2025 01 14 15 35 00	1031.35	
2025 01 14 15 36 00	1031.38	
2025 01 14 15 37 00	1031.23	
2025 01 14 15 38 00	1031.31	
2025 01 14 15 39 00	1031.40	
2025 01 14 15 40 00	1031.37	
2025 01 14 15 41 00	1031.37	
2025 01 14 15 42 00	1031.29	
2025 01 14 15 43 00	1031.35	
2025 01 14 15 44 00	1031.37	
2025 01 14 15 45 00	1031.36	
2025 01 14 15 46 00	1031.31	
2025 01 14 15 47 00	1031.37	
2025 01 14 15 48 00	1031.27	
2025 01 14 15 49 00	1031.28	
2025 01 14 15 50 00	1031.39	
2025 01 14 15 51 00	1031.44	
2025 01 14 15 52 00	1031.48	
2025 01 14 15 53 00	1031.43	
2025 01 14 15 54 00	1031.44	
2025 01 14 15 55 00	1031.45	
2025 01 14 15 56 00	1031.31	
2025 01 14 15 57 00	1031.36	
2025 01 14 15 58 00	1031.37	
2025 01 14 15 59 00	1031.38	
2025 01 14 16 00 00	1031.40	
2025 01 14 16 01 00	1031.42	
2025 01 14 16 02 00	1031.48	
2025 01 14 16 03 00	1031.41	
2025 01 14 16 04 00	1031.37	
2025 01 14 16 05 00	1031.36	
2025 01 14 16 06 00	1031.43	
2025 01 14 16 07 00	1031.42	
2025 01 14 16 08 00	1031.47	
2025 01 14 16 09 00	1031.48	
2025 01 14 16 10 00	1031.41	
2025 01 14 16 11 00	1031.43	
2025 01 14 16 12 00	1031.46	
2025 01 14 16 13 00	1031.46	
2025 01 14 16 14 00	1031.38	
2025 01 14 16 15 00	1031.40	
2025 01 14 16 16 00	1031.41	
2025 01 14 16 17 00	1031.45	
2025 01 14 16 18 00	1031.45	
2025 01 14 16 19 00	1031.43	
2025 01 14 16 20 00	1031.41	
2025 01 14 16 21 00	1031.38	
2025 01 14 16 22 00	1031.43	
2025 01 14 16 23 00	1031.48	
2025 01 14 16 24 00	1031.44	
2025 01 14 16 25 00	1031.40	
2025 01 14 16 26 00	1031.45	
2025 01 14 16 27 00	1031.43	
2025 01 14 16 28 00	1031.42	
2025 01 14 16 29 00	1031.47	
2025 01 14 16 30 00	1031.48	
2025 01 14 16 31 00	1031.48	
2025 01 14 16 32 00	1031.40	
2025 01 14 16 33 00	1031.43	
2025 01 14 16 34 00	1031.43	
2025 01 14 16 35 00	1031.41	
2025 01 14 16 36 00	1031.42	
2025 01 14 16 37 00	1031.42	
2025 01 14 16 38 00	1031.39	
2025 01 14 16 39 00	1031.39	
2025 01 14 16 40 00	1031.42	
2025 01 14 16 41 00	1031.41	
2025 01 14 16 42 00	1031.37	
2025 01 14 16 43 00	1031.37	
2025 01 14 16 44 00	1031.39	
2025 01 14 16 45 00	1031.42	
2025 01 14 16 46 00	1031.38	
2025 01 14 16 47 00	1031.27	
2025 01 14 16 48 00	1031.20	
2025 01 14 16 49 00	1031.21	
2025 01 14 16 50 00	1031.16	
2025 01 14 16 51 00	1031.22	
2025 01 14 16 52 00	1031.23	
2025 01 14 16 53 00	1031.24	
2025 01 14 16 54 00	1031.30	
2025 01 14 16 55 00	1031.28	
2025 01 14 16 56 00	1031.25	
2025 01 14 16 57 00	1031.18	
2025 01 14 16 58 00	1031.19	
2025 01 14 16 59 00	1031.18	
2025 01 14 17 00 00	1031.22	
2025 01 14 17 01 00	1031.21	
2025 01 14 17 02 00	1031.15	
2025 01 14 17 03 00	1031.21	
2025 01 14 17 04 00	1031.17	
2025 01 14 17 05 00	1031.17	
2025 01 14 17 06 00	1031.11	
2025 01 14 17 07 00	1031.11	
2025 01 14 17 08 00	1031.17	
2025 01 14 17 09 00	1031.16	
2025 01 14 17 10 00	1031.13	
2025 01 14 17 11 00	1031.12	
2025 01 14 17 12 00	1031.18	
2025 01 14 17 13 00	1031.24	
2025 01 14 17 14 00	1031.23	
2025 01 14 17 15 00	1031.20	
2025 01 14 17 16 00	1031.25	
2025 01 14 17 17 00	1031.29	
2025 01 14 17 18 00	1031.27	
2025 01 14 17 19 00	1031.31	
2025 01 14 17 20 00	1031.25	
2025 01 14 17 21 00	1031.23	
2025 01 14 17 22 00	1031.23	
2025 01 14 17 23 00	1031.23	
2025 01 14 17 24 00	1031.20	
2025 01 14 17 25 00	1031.18	
2025 01 14 17 26 00	1031.24	
2025 01 14 17 27 00	1031.22	
2025 01 14 17 28 00	1031.24	
2025 01 14 17 29 00	1031.25	
2025 01 14 17 30 00	1031.28	
2025 01 14 17 31 00	1031.28	
2025 01 14 17 32 00	1031.23	
2025 01 14 17 33 00	1031.27	
2025 01 14 17 34 00	1031.27	
2025 01 14 17 35 00	1031.26	
2025 01 14 17 36 00	1031.27	
2025 01 14 17 37 00	1031.25	
2025 01 14 17 38 00	1031.26	
2025 01 14 17 39 00	1031.25	
2025 01 14 17 40 00	1031.25	
2025 01 14 17 41 00	1031.35	
2025 01 14 17 42 00	1031.25	
2025 01 14 17 43 00	1031.30	
2025 01 14 17 44 00	1031.32	
2025 01 14 17 45 00	1031.33	
2025 01 14 17 46 00	1031.37	
2025 01 14 17 47 00	1031.37	
2025 01 14 17 48 00	1031.33	
2025 01 14 17 49 00	1031.39	
2025 01 14 17 50 00	1031.36	
2025 01 14 17 51 00	1031.42	
2025 01 14 17 52 00	1031.37	
2025 01 14 17 53 00	1031.38	
2025 01 14 17 54 00	1031.38	
2025 01 14 17 55 00	1031.48	
2025 01 14 17 56 00	1031.46	
2025 01 14 17 57 00	1031.39	
2025 01 14 17 58 00	1031.44	
2025 01 14 17 59 00	1031.42	
2025 01 14 18 00 00	1031.43	
2025 01 14 18 01 00	1031.39	
2025 01 14 18 02 00	1031.39	
2025 01 14 18 03 00	1031.40	
2025 01 14 18 04 00	1031.41	
2025 01 14 18 05 00	1031.41	
2025 01 14 18 06 00	1031.48	
2025 01 14 18 07 00	1031.48	
2025 01 14 18 08 00	1031.42	
2025 01 14 18 09 00	1031.43	
2025 01 14 18 10 00	1031.47	
2025 01 14 18 11 00	1031.49	
2025 01 14 18 12 00	1031.42	
2025 01 14 18 13 00	1031.49	
2025 01 14 18 14 00	1031.48	
2025 01 14 18 15 00	1031.48	
2025 01 14 18 16 00	1031.47	
2025 01 14 18 17 00	1031.46	
2025 01 14 18 18 00	1031.42	
2025 01 14 18 19 00	1031.45	
2025 01 14 18 20 00	1031.44	
2025 01 14 18 21 00	1031.38	
2025 01 14 18 22 00	1031.44	
2025 01 14 18 23 00	1031.44	
2025 01 14 18 24 00	1031.48	
2025 01 14 18 25 00	1031.44	
2025 01 14 18 26 00	1031.58	
2025 01 14 18 27 00	1031.36	
2025 01 14 18 28 00	1031.48	
2025 01 14 18 29 00	1031.48	
2025 01 14 18 30 00	1031.49	
2025 01 14 18 31 00	1031.46	
2025 01 14 18 32 00	1031.40	
2025 01 14 18 33 00	1031.40	
2025 01 14 18 34 00	1031.45	
2025 01 14 18 35 00	1031.31	
2025 01 14 18 36 00	1031.38	
2025 01 14 18 37 00	1031.34	
2025 01 14 18 38 00	1031.34	
2025 01 14 18 39 00	1031.32	
2025 01 14 18 40 00	1031.37	
2025 01 14 18 41 00	1031.32	
2025 01 14 18 42 00	1031.39	
2025 01 14 18 43 00	1031.42	
2025 01 14 18 44 00	1031.44	
2025 01 14 18 45 00	1031.46	
2025 01 14 18 46 00	1031.43	
2025 01 14 18 47 00	1031.46	
2025 01 14 18 48 00	1031.53	
2025 01 14 18 49 00	1031.52	
2025 01 14 18 50 00	1031.52	
2025 01 14 18 51 00	1031.48	
2025 01 14 18 52 00	1031.47	
2025 01 14 18 53 00	1031.43	
2025 01 14 18 54 00	1031.48	
2025 01 14 18 55 00	1031.50	
2025 01 14 18 56 00	1031.53	
2025 01 14 18 57 00	1031.54	
2025 01 14 18 58 00	1031.51	
2025 01 14 18 59 00	1031.54	
2025 01 14 19 00 00	1031.51	
2025 01 14 19 01 00	1031.52	
2025 01 14 19 02 00	1031.58	
2025 01 14 19 03 00	1031.56	
2025 01 14 19 04 00	1031.59	
2025 01 14 19 05 00	1031.54	
2025 01 14 19 06 00	1031.48	
2025 01 14 19 07 00	1031.50	
2025 01 14 19 08 00	1031.52	
2025 01 14 19 09 00	1031.55	
2025 01 14 19 10 00	1031.54	
2025 01 14 19 11 00	1031.57	
2025 01 14 19 12 00	1031.57	
2025 01 14 19 13 00	1031.54	
2025 01 14 19 14 00	1031.58	
2025 01 14 19 15 00	1031.59	
2025 01 14 19 16 00	1031.58	
2025 01 14 19 17 00	1031.50	
2025 01 14 19 18 00	1031.51	
2025 01 14 19 19 00	1031.56	
2025 01 14 19 20 00	1031.51	
2025 01 14 19 21 00	1031.52	
2025 01 14 19 22 00	1031.51	
2025 01 14 19 23 00	1031.49	
2025 01 14 19 24 00	1031.50	
2025 01 14 19 25 00	1031.52	
2025 01 14 19 26 00	1031.54	
2025 01 14 19 27 00	1031.57	
2025 01 14 19 28 00	1031.57	
2025 01 14 19 29 00	1031.59	
2025 01 14 19 30 00	1031.59	
2025 01 14 19 31 00	1031.59	
2025 01 14 19 32 00	1031.61	
2025 01 14 19 33 00	1031.63	
2025 01 14 19 34 00	1031.64	
2025 01 14 19 35 00	1031.65	
2025 01 14 19 36 00	1031.62	
2025 01 14 19 37 00	1031.66	
2025 01 14 19 38 00	1031.63	
2025 01 14 19 39 00	1031.66	
2025 01 14 19 40 00	1031.68	
2025 01 14 19 41 00	1031.65	
2025 01 14 19 42 00	1031.67	
2025 01 14 19 43 00	1031.63	
2025 01 14 19 44 00	1031.66	
2025 01 14 19 45 00	1031.67	
2025 01 14 19 46 00	1031.69	
2025 01 14 19 47 00	1031.69	
2025 01 14 19 48 00	1031.66	
2025 01 14 19 49 00	1031.64	
2025 01 14 19 50 00	1031.65	
2025 01 14 19 51 00	1031.73	
2025 01 14 19 52 00	1031.70	
2025 01 14 19 53 00	1031.67	
2025 01 14 19 54 00	1031.67	
2025 01 14 19 55 00	1031.69	
2025 01 14 19 56 00	1031.67	
2025 01 14 19 57 00	1031.65	
2025 01 14 19 58 00	1031.65	
2025 01 14 19 59 00	1031.64	
2025 01 14 20 00 00	1031.65	
2025 01 14 20 01 00	1031.69	
2025 01 14 20 02 00	1031.74	
2025 01 14 20 03 00	1031.77	
2025 01 14 20 04 00	1031.71	
2025 01 14 20 05 00	1031.84	
2025 01 14 20 06 00	1031.83	
2025 01 14 20 07 00	1031.82	
2025 01 14 20 08 00	1031.74	
2025 01 14 20 09 00	1031.81	
2025 01 14 20 10 00	1031.70	
2025 01 14 20 11 00	1031.67	
2025 01 14 20 12 00	1031.72	
2025 01 14 20 13 00	1031.62	
2025 01 14 20 14 00	1031.62	
2025 01 14 20 15 00	1031.55	
2025 01 14 20 16 00	1031.61	
2025 01 14 20 17 00	1031.54	
2025 01 14 20 18 00	1031.50	
2025 01 14 20 19 00	1031.50	
2025 01 14 20 20 00	1031.55	
2025 01 14 20 21 00	1031.54	
2025 01 14 20 22 00	1031.44	
2025 01 14 20 23 00	1031.48	
2025 01 14 20 24 00	1031.46	
2025 01 14 20 25 00	1031.50	
2025 01 14 20 26 00	1031.52	
2025 01 14 20 27 00	1031.56	
2025 01 14 20 28 00	1031.51	
2025 01 14 20 29 00	1031.41	
2025 01 14 20 30 00	1031.45	
2025 01 14 20 31 00	1031.45	
2025 01 14 20 32 00	1031.36	
2025 01 14 20 33 00	1031.36	
2025 01 14 20 34 00	1031.39	
2025 01 14 20 35 00	1031.43	
2025 01 14 20 36 00	1031.35	
2025 01 14 20 37 00	1031.39	
2025 01 14 20 38 00	1031.29	
2025 01 14 20 39 00	1031.26	
2025 01 14 20 40 00	1031.28	
2025 01 14 20 41 00	1031.29	
2025 01 14 20 42 00	1031.31	
2025 01 14 20 43 00	1031.30	
2025 01 14 20 44 00	1031.35	
2025 01 14 20 45 00	1031.30	
2025 01 14 20 46 00	1031.28	
2025 01 14 20 47 00	1031.26	
2025 01 14 20 48 00	1031.29	
2025 01 14 20 49 00	1031.32	
2025 01 14 20 50 00	1031.28	
2025 01 14 20 51 00	1031.33	
2025 01 14 20 52 00	1031.34	
2025 01 14 20 53 00	1031.37	
2025 01 14 20 54 00	1031.36	
2025 01 14 20 55 00	1031.33	
2025 01 14 20 56 00	1031.33	
2025 01 14 20 57 00	1031.37	
2025 01 14 20 58 00	1031.36	
2025 01 14 20 59 00	1031.41	
2025 01 14 21 00 00	1031.47	
2025 01 14 21 01 00	1031.44	
2025 01 14 21 02 00	1031.48	
2025 01 14 21 03 00	1031.54	
2025 01 14 21 04 00	1031.45	
2025 01 14 21 05 00	1031.51	
2025 01 14 21 06 00	1031.57	
2025 01 14 21 07 00	1031.48	
2025 01 14 21 08 00	1031.43	
2025 01 14 21 09 00	1031.41	
2025 01 14 21 10 00	1031.38	
2025 01 14 21 11 00	1031.34	
2025 01 14 21 12 00	1031.40	
2025 01 14 21 13 00	1031.31	
2025 01 14 21 14 00	1031.36	
2025 01 14 21 15 00	1031.28	
2025 01 14 21 16 00	1031.33	
2025 01 14 21 17 00	1031.29	
2025 01 14 21 18 00	1031.26	
2025 01 14 21 19 00	1031.23	
2025 01 14 21 20 00	1031.20	
2025 01 14 21 21 00	1031.18	
2025 01 14 21 22 00	1031.18	
2025 01 14 21 23 00	1031.14	
2025 01 14 21 24 00	1031.16	
2025 01 14 21 25 00	1031.15	
2025 01 14 21 26 00	1031.20	
2025 01 14 21 27 00	1031.15	
2025 01 14 21 28 00	1031.12	
2025 01 14 21 29 00	1031.12	
2025 01 14 21 30 00	1031.12	
2025 01 14 21 31 00	1031.08	
2025 01 14 21 32 00	1031.10	
2025 01 14 21 33 00	1031.07	
2025 01 14 21 34 00	1031.07	
2025 01 14 21 35 00	1031.07	
2025 01 14 21 36 00	1031.08	
2025 01 14 21 37 00	1031.12	
2025 01 14 21 38 00	1031.13	
2025 01 14 21 39 00	1031.22	
2025 01 14 21 40 00	1031.24	
2025 01 14 21 41 00	1031.15	
2025 01 14 21 42 00	1031.18	
2025 01 14 21 43 00	1031.14	
2025 01 14 21 44 00	1031.21	
2025 01 14 21 45 00	1031.19	
2025 01 14 21 46 00	1031.21	
2025 01 14 21 47 00	1031.20	
2025 01 14 21 48 00	1031.23	
2025 01 14 21 49 00	1031.26	
2025 01 14 21 50 00	1031.23	
2025 01 14 21 51 00	1031.24	
2025 01 14 21 52 00	1031.23	
2025 01 14 21 53 00	1031.21	
2025 01 14 21 54 00	1031.21	
2025 01 14 21 55 00	1031.15	
2025 01 14 21 56 00	1031.14	
2025 01 14 21 57 00	1031.08	
2025 01 14 21 58 00	1031.05	
2025 01 14 21 59 00	1031.03	
2025 01 14 22 00 00	1031.01	
2025 01 14 22 01 00	1030.99	
2025 01 14 22 02 00	1030.99	
2025 01 14 22 03 00	1030.94	
2025 01 14 22 04 00	1030.90	
2025 01 14 22 05 00	1030.85	
2025 01 14 22 06 00	1030.78	
2025 01 14 22 07 00	1030.76	
2025 01 14 22 08 00	1030.80	
2025 01 14 22 09 00	1030.79	
2025 01 14 22 10 00	1030.76	
2025 01 14 22 11 00	1030.73	
2025 01 14 22 12 00	1030.72	
2025 01 14 22 13 00	1030.77	
2025 01 14 22 14 00	1030.76	
2025 01 14 22 15 00	1030.80	
2025 01 14 22 16 00	1030.81	
2025 01 14 22 17 00	1030.81	
2025 01 14 22 18 00	1030.79	
2025 01 14 22 19 00	1030.74	
2025 01 14 22 20 00	1030.74	
2025 01 14 22 21 00	1030.76	
2025 01 14 22 22 00	1030.78	
2025 01 14 22 23 00	1030.83	
2025 01 14 22 24 00	1030.84	
2025 01 14 22 25 00	1030.81	
2025 01 14 22 26 00	1030.88	
2025 01 14 22 27 00	1030.86	
2025 01 14 22 28 00	1030.81	
2025 01 14 22 29 00	1030.80	
2025 01 14 22 30 00	1030.81	
2025 01 14 22 31 00	1030.81	
2025 01 14 22 32 00	1030.75	
2025 01 14 22 33 00	1030.72	
2025 01 14 22 34 00	1030.79	
2025 01 14 22 35 00	1030.78	
2025 01 14 22 36 00	1030.69	
2025 01 14 22 37 00	1030.67	
2025 01 14 22 38 00	1030.64	
2025 01 14 22 39 00	1030.62	
2025 01 14 22 40 00	1030.59	
2025 01 14 22 41 00	1030.49	
2025 01 14 22 42 00	1030.41	
2025 01 14 22 43 00	1030.49	
2025 01 14 22 44 00	1030.43	
2025 01 14 22 45 00	1030.45	
2025 01 14 22 46 00	1030.32	
2025 01 14 22 47 00	1030.28	
2025 01 14 22 48 00	1030.38	
2025 01 14 22 49 00	1030.33	
2025 01 14 22 50 00	1030.18	
2025 01 14 22 51 00	1030.14	
2025 01 14 22 52 00	1030.05	
2025 01 14 22 53 00	1029.93	
2025 01 14 22 54 00	1029.91	
2025 01 14 22 55 00	1029.90	
2025 01 14 22 56 00	1029.88	
2025 01 14 22 57 00	1029.89	
2025 01 14 22 58 00	1029.86	
2025 01 14 22 59 00	1029.89	
2025 01 14 23 00 00	1029.92	
2025 01 14 23 01 00	1029.81	
2025 01 14 23 02 00	1029.77	
2025 01 14 23 03 00	1029.81	
2025 01 14 23 04 00	1029.86	
2025 01 14 23 05 00	1029.76	
2025 01 14 23 06 00	1029.82	
2025 01 14 23 07 00	1029.73	
2025 01 14 23 08 00	1029.78	
2025 01 14 23 09 00	1029.75	
2025 01 14 23 10 00	1029.70	
2025 01 14 23 11 00	1029.74	
2025 01 14 23 12 00	1029.79	
2025 01 14 23 13 00	1029.62	
2025 01 14 23 14 00	1029.68	
2025 01 14 23 15 00	1029.65	
2025 01 14 23 16 00	1029.67	
2025 01 14 23 17 00	1029.56	
2025 01 14 23 18 00	1029.56	
2025 01 14 23 19 00	1029.57	
2025 01 14 23 20 00	1029.56	
2025 01 14 23 21 00	1029.56	
2025 01 14 23 22 00	1029.77	
2025 01 14 23 23 00	1029.59	
2025 01 14 23 24 00	1029.49	
2025 01 14 23 25 00	1029.51	
2025 01 14 23 26 00	1029.46	
2025 01 14 23 27 00	1029.31	
2025 01 14 23 28 00	1029.38	
2025 01 14 23 29 00	1029.34	
2025 01 14 23 30 00	1029.31	
2025 01 14 23 31 00	1029.26	
2025 01 14 23 32 00	1029.21	
2025 01 14 23 33 00	1029.20	
2025 01 14 23 34 00	1029.18	
2025 01 14 23 35 00	1028.99	
2025 01 14 23 36 00	1028.97	
2025 01 14 23 37 00	1028.96	
2025 01 14 23 38 00	1028.94	
2025 01 14 23 39 00	1028.92	
2025 01 14 23 40 00	1029.09	
2025 01 14 23 41 00	1029.09	
2025 01 14 23 42 00	1028.99	
2025 01 14 23 43 00	1028.93	
2025 01 14 23 44 00	1028.95	
2025 01 14 23 45 00	1028.98	
2025 01 14 23 46 00	1028.90	
2025 01 14 23 47 00	1028.94	
2025 01 14 23 48 00	1028.93	
2025 01 14 23 49 00	1028.97	
2025 01 14 23 50 00	1029.04	
2025 01 14 23 51 00	1028.97	
2025 01 14 23 52 00	1029.01	
2025 01 14 23 53 00	1028.96	
2025 01 14 23 54 00	1028.86	
2025 01 14 23 55 00	1028.91	
2025 01 14 23 56 00	1028.84	
2025 01 14 23 57 00	1028.97	
2025 01 14 23 58 00	1028.78	
2025 01 14 23 59 00	1028.84	
2025 01 15 00 00 00	1028.86	
2025 01 15 00 01 00	1028.91	
2025 01 15 00 02 00	1028.84	
2025 01 15 00 03 00	1028.84	
2025 01 15 00 04 00	1028.80	
2025 01 15 00 05 00	1028.83	
2025 01 15 00 06 00	1028.90	
2025 01 15 00 07 00	1028.93	
2025 01 15 00 08 00	1028.87	
2025 01 15 00 09 00	1028.86	
2025 01 15 00 10 00	1028.91	
2025 01 15 00 11 00	1028.95	
2025 01 15 00 12 00	1028.89	
2025 01 15 00 13 00	1028.88	
2025 01 15 00 14 00	1028.83	
2025 01 15 00 15 00	1028.71	
2025 01 15 00 16 00	1028.68	
2025 01 15 00 17 00	1028.73	
2025 01 15 00 18 00	1028.67	
2025 01 15 00 19 00	1028.61	
2025 01 15 00 20 00	1028.51	
2025 01 15 00 21 00	1028.40	
2025 01 15 00 22 00	1028.39	
2025 01 15 00 23 00	1028.29	
2025 01 15 00 24 00	1028.35	
2025 01 15 00 25 00	1028.35	
2025 01 15 00 26 00	1028.34	
2025 01 15 00 27 00	1028.32	
2025 01 15 00 28 00	1028.27	
2025 01 15 00 29 00	1028.19	
2025 01 15 00 30 00	1028.19	
2025 01 15 00 31 00	1028.16	
2025 01 15 00 32 00	1028.13	
2025 01 15 00 33 00	1028.13	
2025 01 15 00 34 00	1028.13	
2025 01 15 00 35 00	1028.14	
2025 01 15 00 36 00	1028.10	
2025 01 15 00 37 00	1028.14	
2025 01 15 00 38 00	1028.08	
2025 01 15 00 39 00	1028.10	
2025 01 15 00 40 00	1028.07	
2025 01 15 00 41 00	1028.03	
2025 01 15 00 42 00	1028.09	
2025 01 15 00 43 00	1028.00	
2025 01 15 00 44 00	1027.99	
2025 01 15 00 45 00	1028.02	
2025 01 15 00 46 00	1027.98	
2025 01 15 00 47 00	1028.00	
2025 01 15 00 48 00	1028.00	
2025 01 15 00 49 00	1027.97	
2025 01 15 00 50 00	1027.98	
2025 01 15 00 51 00	1027.97	
2025 01 15 00 52 00	1027.93	
2025 01 15 00 53 00	1027.94	
2025 01 15 00 54 00	1027.93	
2025 01 15 00 55 00	1027.98	
2025 01 15 00 56 00	1027.98	
2025 01 15 00 57 00	1027.94	
2025 01 15 00 58 00	1027.94	
2025 01 15 00 59 00	1027.92	
2025 01 15 01 00 00	1027.91	
2025 01 15 01 01 00	1027.85	
2025 01 15 01 02 00	1027.81	
2025 01 15 01 03 00	1027.84	
2025 01 15 01 04 00	1027.84	
2025 01 15 01 05 00	1027.84	
2025 01 15 01 06 00	1027.82	
2025 01 15 01 07 00	1027.82	
2025 01 15 01 08 00	1027.74	
2025 01 15 01 09 00	1027.70	
2025 01 15 01 10 00	1027.76	
2025 01 15 01 11 00	1027.74	
2025 01 15 01 12 00	1027.68	
2025 01 15 01 13 00	1027.57	
2025 01 15 01 14 00	1027.54	
2025 01 15 01 15 00	1027.55	
2025 01 15 01 16 00	1027.55	
2025 01 15 01 17 00	1027.53	
2025 01 15 01 18 00	1027.49	
2025 01 15 01 19 00	1027.52	
2025 01 15 01 20 00	1027.57	
2025 01 15 01 21 00	1027.56	
2025 01 15 01 22 00	1027.50	
2025 01 15 01 23 00	1027.48	
2025 01 15 01 24 00	1027.45	
2025 01 15 01 25 00	1027.41	
2025 01 15 01 26 00	1027.40	
2025 01 15 01 27 00	1027.38	
2025 01 15 01 28 00	1027.41	
2025 01 15 01 29 00	1027.42	
2025 01 15 01 30 00	1027.38	
2025 01 15 01 31 00	1027.35	
2025 01 15 01 32 00	1027.35	
2025 01 15 01 33 00	1027.32	
2025 01 15 01 34 00	1027.35	
2025 01 15 01 35 00	1027.35	
2025 01 15 01 36 00	1027.39	
2025 01 15 01 37 00	1027.37	
2025 01 15 01 38 00	1027.27	
2025 01 15 01 39 00	1027.26	
2025 01 15 01 40 00	1027.24	
2025 01 15 01 41 00	1027.23	
2025 01 15 01 42 00	1027.23	
2025 01 15 01 43 00	1027.21	
2025 01 15 01 44 00	1027.19	
2025 01 15 01 45 00	1027.14	
2025 01 15 01 46 00	1027.10	
2025 01 15 01 47 00	1027.08	
2025 01 15 01 48 00	1027.03	
2025 01 15 01 49 00	1026.99	
2025 01 15 01 50 00	1027.01	
2025 01 15 01 51 00	1027.03	
2025 01 15 01 52 00	1027.00	
2025 01 15 01 53 00	1027.03	
2025 01 15 01 54 00	1027.05	
2025 01 15 01 55 00	1027.08	
2025 01 15 01 56 00	1027.09	
2025 01 15 01 57 00	1027.11	
2025 01 15 01 58 00	1027.16	
2025 01 15 01 59 00	1027.14	
2025 01 15 02 00 00	1027.09	
2025 01 15 02 01 00	1027.04	
2025 01 15 02 02 00	1027.01	
2025 01 15 02 03 00	1026.96	
2025 01 15 02 04 00	1026.92	
2025 01 15 02 05 00	1026.89	
2025 01 15 02 06 00	1026.87	
2025 01 15 02 07 00	1026.82	
2025 01 15 02 08 00	1026.77	
2025 01 15 02 09 00	1026.70	
2025 01 15 02 10 00	1026.69	
2025 01 15 02 11 00	1026.63	
2025 01 15 02 12 00	1026.66	
2025 01 15 02 13 00	1026.68	
2025 01 15 02 14 00	1026.61	
2025 01 15 02 15 00	1026.58	
2025 01 15 02 16 00	1026.54	
2025 01 15 02 17 00	1026.52	
2025 01 15 02 18 00	1026.52	
2025 01 15 02 19 00	1026.47	
2025 01 15 02 20 00	1026.42	
2025 01 15 02 21 00	1026.37	
2025 01 15 02 22 00	1026.34	
2025 01 15 02 23 00	1026.29	
2025 01 15 02 24 00	1026.22	
2025 01 15 02 25 00	1026.13	
2025 01 15 02 26 00	1026.14	
2025 01 15 02 27 00	1026.09	
2025 01 15 02 28 00	1026.07	
2025 01 15 02 29 00	1026.04	
2025 01 15 02 30 00	1026.04	
2025 01 15 02 31 00	1026.03	
2025 01 15 02 32 00	1026.02	
2025 01 15 02 33 00	1026.00	
2025 01 15 02 34 00	1025.98	
2025 01 15 02 35 00	1025.95	
2025 01 15 02 36 00	1025.95	
2025 01 15 02 37 00	1025.94	
2025 01 15 02 38 00	1025.92	
2025 01 15 02 39 00	1025.84	
2025 01 15 02 40 00	1025.78	
2025 01 15 02 41 00	1025.75	
2025 01 15 02 42 00	1025.76	
2025 01 15 02 43 00	1025.74	
2025 01 15 02 44 00	1025.67	
2025 01 15 02 45 00	1025.62	
2025 01 15 02 46 00	1025.60	
2025 01 15 02 47 00	1025.57	
2025 01 15 02 48 00	1025.59	
2025 01 15 02 49 00	1025.59	
2025 01 15 02 50 00	1025.60	
2025 01 15 02 51 00	1025.60	
2025 01 15 02 52 00	1025.54	
2025 01 15 02 53 00	1025.49	
2025 01 15 02 54 00	1025.46	
2025 01 15 02 55 00	1025.40	
2025 01 15 02 56 00	1025.34	
2025 01 15 02 57 00	1025.30	
2025 01 15 02 58 00	1025.33	
2025 01 15 02 59 00	1025.37	
2025 01 15 03 00 00	1025.34	
2025 01 15 03 01 00	1025.33	
2025 01 15 03 02 00	1025.30	
2025 01 15 03 03 00	1025.29	
2025 01 15 03 04 00	1025.27	
2025 01 15 03 05 00	1025.23	
2025 01 15 03 06 00	1025.22	
2025 01 15 03 07 00	1025.15	
2025 01 15 03 08 00	1025.16	
2025 01 15 03 09 00	1025.10	
2025 01 15 03 10 00	1025.08	
2025 01 15 03 11 00	1025.05	
2025 01 15 03 12 00	1025.04	
2025 01 15 03 13 00	1025.03	
2025 01 15 03 14 00	1025.03	
2025 01 15 03 15 00	1025.04	
2025 01 15 03 16 00	1025.02	
2025 01 15 03 17 00	1025.02	
2025 01 15 03 18 00	1025.01	
2025 01 15 03 19 00	1025.06	
2025 01 15 03 20 00	1025.08	
2025 01 15 03 21 00	1025.09	
2025 01 15 03 22 00	1025.07	
2025 01 15 03 23 00	1025.03	
2025 01 15 03 24 00	1025.00	
2025 01 15 03 25 00	1025.01	
2025 01 15 03 26 00	1025.00	
2025 01 15 03 27 00	1025.01	
2025 01 15 03 28 00	1025.04	
2025 01 15 03 29 00	1025.04	
2025 01 15 03 30 00	1024.96	
2025 01 15 03 31 00	1024.92	
2025 01 15 03 32 00	1024.89	
2025 01 15 03 33 00	1024.92	
2025 01 15 03 34 00	1024.90	
2025 01 15 03 35 00	1024.87	
2025 01 15 03 36 00	1024.84	
2025 01 15 03 37 00	1024.94	
2025 01 15 03 38 00	1024.93	
2025 01 15 03 39 00	1024.91	
2025 01 15 03 40 00	1024.91	
2025 01 15 03 41 00	1024.90	
2025 01 15 03 42 00	1024.87	
2025 01 15 03 43 00	1024.84	
2025 01 15 03 44 00	1024.86	
2025 01 15 03 45 00	1024.90	
2025 01 15 03 46 00	1024.89	
2025 01 15 03 47 00	1024.87	
2025 01 15 03 48 00	1024.88	
2025 01 15 03 49 00	1024.87	
2025 01 15 03 50 00	1024.77	
2025 01 15 03 51 00	1024.75	
2025 01 15 03 52 00	1024.77	
2025 01 15 03 53 00	1024.71	
2025 01 15 03 54 00	1024.71	
2025 01 15 03 55 00	1024.65	
2025 01 15 03 56 00	1024.62	
2025 01 15 03 57 00	1024.63	
2025 01 15 03 58 00	1024.60	
2025 01 15 03 59 00	1024.55	
2025 01 15 04 00 00	1024.57	
2025 01 15 04 01 00	1024.53	
2025 01 15 04 02 00	1024.48	
2025 01 15 04 03 00	1024.52	
2025 01 15 04 04 00	1024.54	
2025 01 15 04 05 00	1024.41	
2025 01 15 04 06 00	1024.42	
2025 01 15 04 07 00	1024.51	
2025 01 15 04 08 00	1024.55	
2025 01 15 04 09 00	1024.66	
2025 01 15 04 10 00	1024.64	
2025 01 15 04 11 00	1024.58	
2025 01 15 04 12 00	1024.47	
2025 01 15 04 13 00	1024.43	
2025 01 15 04 14 00	1024.44	
2025 01 15 04 15 00	1024.41	
2025 01 15 04 16 00	1024.46	
2025 01 15 04 17 00	1024.40	
2025 01 15 04 18 00	1024.37	
2025 01 15 04 19 00	1024.33	
2025 01 15 04 20 00	1024.35	
2025 01 15 04 21 00	1024.29	
2025 01 15 04 22 00	1024.28	
2025 01 15 04 23 00	1024.23	
2025 01 15 04 24 00	1024.19	
2025 01 15 04 25 00	1024.14	
2025 01 15 04 26 00	1024.13	
2025 01 15 04 27 00	1024.07	
2025 01 15 04 28 00	1024.03	
2025 01 15 04 29 00	1024.00	
2025 01 15 04 30 00	1023.96	
2025 01 15 04 31 00	1023.96	
2025 01 15 04 32 00	1023.92	
2025 01 15 04 33 00	1023.92	
2025 01 15 04 34 00	1023.85	
2025 01 15 04 35 00	1023.81	
2025 01 15 04 36 00	1023.74	
2025 01 15 04 37 00	1023.73	
2025 01 15 04 38 00	1023.61	
2025 01 15 04 39 00	1023.69	
2025 01 15 04 40 00	1023.79	
2025 01 15 04 41 00	1023.54	
2025 01 15 04 42 00	1023.49	
2025 01 15 04 43 00	1023.63	
2025 01 15 04 44 00	1023.48	
2025 01 15 04 45 00	1023.41	
2025 01 15 04 46 00	1023.39	
2025 01 15 04 47 00	1023.39	
2025 01 15 04 48 00	1023.35	
2025 01 15 04 49 00	1023.27	
2025 01 15 04 50 00	1023.31	
2025 01 15 04 51 00	1023.32	
2025 01 15 04 52 00	1023.25	
2025 01 15 04 53 00	1023.26	
2025 01 15 04 54 00	1023.23	
2025 01 15 04 55 00	1023.26	
2025 01 15 04 56 00	1023.22	
2025 01 15 04 57 00	1023.24	
2025 01 15 04 58 00	1023.26	
2025 01 15 04 59 00	1023.23	
2025 01 15 05 00 00	1023.24	
2025 01 15 05 01 00	1023.11	
2025 01 15 05 02 00	1023.07	
2025 01 15 05 03 00	1023.11	
2025 01 15 05 04 00	1023.06	
2025 01 15 05 05 00	1023.13	
2025 01 15 05 06 00	1023.06	
2025 01 15 05 07 00	1023.09	
2025 01 15 05 08 00	1023.01	
2025 01 15 05 09 00	1022.97	
2025 01 15 05 10 00	1023.09	
2025 01 15 05 11 00	1023.00	
2025 01 15 05 12 00	1023.06	
2025 01 15 05 13 00	1023.08	
2025 01 15 05 14 00	1023.14	
2025 01 15 05 15 00	1023.15	
2025 01 15 05 16 00	1023.16	
2025 01 15 05 17 00	1023.18	
2025 01 15 05 18 00	1023.17	
2025 01 15 05 19 00	1023.16	
2025 01 15 05 20 00	1023.17	
2025 01 15 05 21 00	1023.19	
2025 01 15 05 22 00	1023.17	
2025 01 15 05 23 00	1023.30	
2025 01 15 05 24 00	1023.31	
2025 01 15 05 25 00	1023.41	
2025 01 15 05 26 00	1023.50	
2025 01 15 05 27 00	1023.52	
2025 01 15 05 28 00	1023.51	
2025 01 15 05 29 00	1023.51	
2025 01 15 05 30 00	1023.51	
2025 01 15 05 31 00	1023.52	
2025 01 15 05 32 00	1023.49	
2025 01 15 05 33 00	1023.52	
2025 01 15 05 34 00	1023.44	
2025 01 15 05 35 00	1023.46	
2025 01 15 05 36 00	1023.46	
2025 01 15 05 37 00	1023.42	
2025 01 15 05 38 00	1023.43	
2025 01 15 05 39 00	1023.40	
2025 01 15 05 40 00	1023.37	
2025 01 15 05 41 00	1023.36	
2025 01 15 05 42 00	1023.35	
2025 01 15 05 43 00	1023.35	
2025 01 15 05 44 00	1023.37	
2025 01 15 05 45 00	1023.40	
2025 01 15 05 46 00	1023.38	
2025 01 15 05 47 00	1023.37	
2025 01 15 05 48 00	1023.34	
2025 01 15 05 49 00	1023.38	
2025 01 15 05 50 00	1023.37	
2025 01 15 05 51 00	1023.32	
2025 01 15 05 52 00	1023.25	
2025 01 15 05 53 00	1023.25	
2025 01 15 05 54 00	1023.29	
2025 01 15 05 55 00	1023.29	
2025 01 15 05 56 00	1023.29	
2025 01 15 05 57 00	1023.29	
2025 01 15 05 58 00	1023.30	
2025 01 15 05 59 00	1023.29	
2025 01 15 06 00 00	1023.25	
2025 01 15 06 01 00	1023.28	
2025 01 15 06 02 00	1023.31	
2025 01 15 06 03 00	1023.37	
2025 01 15 06 04 00	1023.37	
2025 01 15 06 05 00	1023.29	
2025 01 15 06 06 00	1023.27	
2025 01 15 06 07 00	1023.28	
2025 01 15 06 08 00	1023.31	
2025 01 15 06 09 00	1023.25	
2025 01 15 06 10 00	1023.22	
2025 01 15 06 11 00	1023.19	
2025 01 15 06 12 00	1023.24	
2025 01 15 06 13 00	1023.23	
2025 01 15 06 14 00	1023.20	
2025 01 15 06 15 00	1023.22	
2025 01 15 06 16 00	1023.23	
2025 01 15 06 17 00	1023.24	
2025 01 15 06 18 00	1023.26	
2025 01 15 06 19 00	1023.27	
2025 01 15 06 20 00	1023.27	
2025 01 15 06 21 00	1023.25	
2025 01 15 06 22 00	1023.24	
2025 01 15 06 23 00	1023.28	
2025 01 15 06 24 00	1023.31	
2025 01 15 06 25 00	1023.36	
2025 01 15 06 26 00	1023.38	
2025 01 15 06 27 00	1023.40	
2025 01 15 06 28 00	1023.46	
2025 01 15 06 29 00	1023.51	
2025 01 15 06 30 00	1023.55	
2025 01 15 06 31 00	1023.56	
2025 01 15 06 32 00	1023.55	
2025 01 15 06 33 00	1023.54	
2025 01 15 06 34 00	1023.48	
2025 01 15 06 35 00	1023.51	
2025 01 15 06 36 00	1023.52	
2025 01 15 06 37 00	1023.54	
2025 01 15 06 38 00	1023.47	
2025 01 15 06 39 00	1023.45	
2025 01 15 06 40 00	1023.44	
2025 01 15 06 41 00	1023.47	
2025 01 15 06 42 00	1023.49	
2025 01 15 06 43 00	1023.48	
2025 01 15 06 44 00	1023.47	
2025 01 15 06 45 00	1023.45	
2025 01 15 06 46 00	1023.45	
2025 01 15 06 47 00	1023.42	
2025 01 15 06 48 00	1023.44	
2025 01 15 06 49 00	1023.54	
2025 01 15 06 50 00	1023.63	
2025 01 15 06 51 00	1023.68	
2025 01 15 06 52 00	1023.66	
2025 01 15 06 53 00	1023.56	
2025 01 15 06 54 00	1023.53	
2025 01 15 06 55 00	1023.51	
2025 01 15 06 56 00	1023.54	
2025 01 15 06 57 00	1023.57	
2025 01 15 06 58 00	1023.57	
2025 01 15 06 59 00	1023.57	
2025 01 15 07 00 00	1023.60	
