2025 01 28 07 01 00	1006.11	
2025 01 28 07 02 00	1006.12	
2025 01 28 07 03 00	1006.12	
2025 01 28 07 04 00	1006.14	
2025 01 28 07 05 00	1006.11	
2025 01 28 07 06 00	1006.19	
2025 01 28 07 07 00	1006.20	
2025 01 28 07 08 00	1006.19	
2025 01 28 07 09 00	1006.21	
2025 01 28 07 10 00	1006.16	
2025 01 28 07 11 00	1006.12	
2025 01 28 07 12 00	1006.08	
2025 01 28 07 13 00	1006.05	
2025 01 28 07 14 00	1006.08	
2025 01 28 07 15 00	1006.12	
2025 01 28 07 16 00	1005.98	
2025 01 28 07 17 00	1005.95	
2025 01 28 07 18 00	1005.97	
2025 01 28 07 19 00	1006.02	
2025 01 28 07 20 00	1005.95	
2025 01 28 07 21 00	1005.99	
2025 01 28 07 22 00	1006.02	
2025 01 28 07 23 00	1006.04	
2025 01 28 07 24 00	1006.01	
2025 01 28 07 25 00	1005.99	
2025 01 28 07 26 00	1005.97	
2025 01 28 07 27 00	1005.95	
2025 01 28 07 28 00	1005.95	
2025 01 28 07 29 00	1005.98	
2025 01 28 07 30 00	1005.96	
2025 01 28 07 31 00	1005.96	
2025 01 28 07 32 00	1005.92	
2025 01 28 07 33 00	1005.89	
2025 01 28 07 34 00	1005.89	
2025 01 28 07 35 00	1005.85	
2025 01 28 07 36 00	1005.83	
2025 01 28 07 37 00	1005.85	
2025 01 28 07 38 00	1005.83	
2025 01 28 07 39 00	1005.78	
2025 01 28 07 40 00	1005.79	
2025 01 28 07 41 00	1005.78	
2025 01 28 07 42 00	1005.80	
2025 01 28 07 43 00	1005.84	
2025 01 28 07 44 00	1005.87	
2025 01 28 07 45 00	1005.80	
2025 01 28 07 46 00	1005.79	
2025 01 28 07 47 00	1005.80	
2025 01 28 07 48 00	1005.81	
2025 01 28 07 49 00	1005.71	
2025 01 28 07 50 00	1005.78	
2025 01 28 07 51 00	1005.81	
2025 01 28 07 52 00	1005.79	
2025 01 28 07 53 00	1005.79	
2025 01 28 07 54 00	1005.83	
2025 01 28 07 55 00	1005.81	
2025 01 28 07 56 00	1005.77	
2025 01 28 07 57 00	1005.79	
2025 01 28 07 58 00	1005.83	
2025 01 28 07 59 00	1005.87	
2025 01 28 08 00 00	1005.82	
2025 01 28 08 01 00	1005.86	
2025 01 28 08 02 00	1005.85	
2025 01 28 08 03 00	1005.88	
2025 01 28 08 04 00	1005.87	
2025 01 28 08 05 00	1005.86	
2025 01 28 08 06 00	1005.87	
2025 01 28 08 07 00	1005.82	
2025 01 28 08 08 00	1005.86	
2025 01 28 08 09 00	1005.83	
2025 01 28 08 10 00	1005.81	
2025 01 28 08 11 00	1005.81	
2025 01 28 08 12 00	1005.77	
2025 01 28 08 13 00	1005.77	
2025 01 28 08 14 00	1005.76	
2025 01 28 08 15 00	1005.70	
2025 01 28 08 16 00	1005.69	
2025 01 28 08 17 00	1005.71	
2025 01 28 08 18 00	1005.72	
2025 01 28 08 19 00	1005.72	
2025 01 28 08 20 00	1005.68	
2025 01 28 08 21 00	1005.66	
2025 01 28 08 22 00	1005.71	
2025 01 28 08 23 00	1005.68	
2025 01 28 08 24 00	1005.67	
2025 01 28 08 25 00	1005.66	
2025 01 28 08 26 00	1005.60	
2025 01 28 08 27 00	1005.55	
2025 01 28 08 28 00	1005.56	
2025 01 28 08 29 00	1005.57	
2025 01 28 08 30 00	1005.55	
2025 01 28 08 31 00	1005.55	
2025 01 28 08 32 00	1005.53	
2025 01 28 08 33 00	1005.55	
2025 01 28 08 34 00	1005.62	
2025 01 28 08 35 00	1005.64	
2025 01 28 08 36 00	1005.56	
2025 01 28 08 37 00	1005.51	
2025 01 28 08 38 00	1005.50	
2025 01 28 08 39 00	1005.54	
2025 01 28 08 40 00	1005.51	
2025 01 28 08 41 00	1005.47	
2025 01 28 08 42 00	1005.46	
2025 01 28 08 43 00	1005.42	
2025 01 28 08 44 00	1005.41	
2025 01 28 08 45 00	1005.43	
2025 01 28 08 46 00	1005.42	
2025 01 28 08 47 00	1005.47	
2025 01 28 08 48 00	1005.44	
2025 01 28 08 49 00	1005.41	
2025 01 28 08 50 00	1005.45	
2025 01 28 08 51 00	1005.35	
2025 01 28 08 52 00	1005.39	
2025 01 28 08 53 00	1005.37	
2025 01 28 08 54 00	1005.31	
2025 01 28 08 55 00	1005.40	
2025 01 28 08 56 00	1005.33	
2025 01 28 08 57 00	1005.34	
2025 01 28 08 58 00	1005.37	
2025 01 28 08 59 00	1005.40	
2025 01 28 09 00 00	1005.41	
2025 01 28 09 01 00	1005.41	
2025 01 28 09 02 00	1005.25	
2025 01 28 09 03 00	1005.31	
2025 01 28 09 04 00	1005.29	
2025 01 28 09 05 00	1005.30	
2025 01 28 09 06 00	1005.31	
2025 01 28 09 07 00	1005.33	
2025 01 28 09 08 00	1005.25	
2025 01 28 09 09 00	1005.21	
2025 01 28 09 10 00	1005.21	
2025 01 28 09 11 00	1005.16	
2025 01 28 09 12 00	1005.14	
2025 01 28 09 13 00	1005.09	
2025 01 28 09 14 00	1005.14	
2025 01 28 09 15 00	1005.12	
2025 01 28 09 16 00	1005.17	
2025 01 28 09 17 00	1005.20	
2025 01 28 09 18 00	1005.13	
2025 01 28 09 19 00	1005.14	
2025 01 28 09 20 00	1005.19	
2025 01 28 09 21 00	1005.22	
2025 01 28 09 22 00	1005.18	
2025 01 28 09 23 00	1005.16	
2025 01 28 09 24 00	1005.22	
2025 01 28 09 25 00	1005.18	
2025 01 28 09 26 00	1005.18	
2025 01 28 09 27 00	1005.24	
2025 01 28 09 28 00	1005.23	
2025 01 28 09 29 00	1005.27	
2025 01 28 09 30 00	1005.29	
2025 01 28 09 31 00	1005.16	
2025 01 28 09 32 00	1005.07	
2025 01 28 09 33 00	1004.98	
2025 01 28 09 34 00	1005.02	
2025 01 28 09 35 00	1005.09	
2025 01 28 09 36 00	1004.96	
2025 01 28 09 37 00	1005.04	
2025 01 28 09 38 00	1004.89	
2025 01 28 09 39 00	1004.96	
2025 01 28 09 40 00	1004.96	
2025 01 28 09 41 00	1005.07	
2025 01 28 09 42 00	1004.96	
2025 01 28 09 43 00	1004.95	
2025 01 28 09 44 00	1004.97	
2025 01 28 09 45 00	1005.02	
2025 01 28 09 46 00	1004.88	
2025 01 28 09 47 00	1004.80	
2025 01 28 09 48 00	1004.74	
2025 01 28 09 49 00	1004.82	
2025 01 28 09 50 00	1004.76	
2025 01 28 09 51 00	1004.74	
2025 01 28 09 52 00	1004.75	
2025 01 28 09 53 00	1004.71	
2025 01 28 09 54 00	1004.67	
2025 01 28 09 55 00	1004.75	
2025 01 28 09 56 00	1004.59	
2025 01 28 09 57 00	1004.62	
2025 01 28 09 58 00	1004.53	
2025 01 28 09 59 00	1004.57	
2025 01 28 10 00 00	1004.57	
2025 01 28 10 01 00	1004.54	
2025 01 28 10 02 00	1004.65	
2025 01 28 10 03 00	1004.70	
2025 01 28 10 04 00	1004.73	
2025 01 28 10 05 00	1004.73	
2025 01 28 10 06 00	1004.70	
2025 01 28 10 07 00	1004.71	
2025 01 28 10 08 00	1004.67	
2025 01 28 10 09 00	1004.49	
2025 01 28 10 10 00	1004.59	
2025 01 28 10 11 00	1004.67	
2025 01 28 10 12 00	1004.59	
2025 01 28 10 13 00	1004.65	
2025 01 28 10 14 00	1004.57	
2025 01 28 10 15 00	1004.64	
2025 01 28 10 16 00	1004.68	
2025 01 28 10 17 00	1004.54	
2025 01 28 10 18 00	1004.52	
2025 01 28 10 19 00	1004.46	
2025 01 28 10 20 00	1004.51	
2025 01 28 10 21 00	1004.51	
2025 01 28 10 22 00	1004.47	
2025 01 28 10 23 00	1004.52	
2025 01 28 10 24 00	1004.40	
2025 01 28 10 25 00	1004.32	
2025 01 28 10 26 00	1004.35	
2025 01 28 10 27 00	1004.40	
2025 01 28 10 28 00	1004.40	
2025 01 28 10 29 00	1004.35	
2025 01 28 10 30 00	1004.40	
2025 01 28 10 31 00	1004.33	
2025 01 28 10 32 00	1004.30	
2025 01 28 10 33 00	1004.31	
2025 01 28 10 34 00	1004.33	
2025 01 28 10 35 00	1004.16	
2025 01 28 10 36 00	1004.28	
2025 01 28 10 37 00	1004.14	
2025 01 28 10 38 00	1004.06	
2025 01 28 10 39 00	1003.97	
2025 01 28 10 40 00	1004.04	
2025 01 28 10 41 00	1003.95	
2025 01 28 10 42 00	1003.77	
2025 01 28 10 43 00	1003.81	
2025 01 28 10 44 00	1003.76	
2025 01 28 10 45 00	1003.82	
2025 01 28 10 46 00	1003.78	
2025 01 28 10 47 00	1003.72	
2025 01 28 10 48 00	1003.73	
2025 01 28 10 49 00	1003.70	
2025 01 28 10 50 00	1003.58	
2025 01 28 10 51 00	1003.57	
2025 01 28 10 52 00	1003.65	
2025 01 28 10 53 00	1003.67	
2025 01 28 10 54 00	1003.62	
2025 01 28 10 55 00	1003.59	
2025 01 28 10 56 00	1003.59	
2025 01 28 10 57 00	1003.66	
2025 01 28 10 58 00	1003.68	
2025 01 28 10 59 00	1003.60	
2025 01 28 11 00 00	1003.55	
2025 01 28 11 01 00	1003.53	
2025 01 28 11 02 00	1003.62	
2025 01 28 11 03 00	1003.59	
2025 01 28 11 04 00	1003.55	
2025 01 28 11 05 00	1003.47	
2025 01 28 11 06 00	1003.33	
2025 01 28 11 07 00	1003.45	
2025 01 28 11 08 00	1003.51	
2025 01 28 11 09 00	1003.55	
2025 01 28 11 10 00	1003.68	
2025 01 28 11 11 00	1003.58	
2025 01 28 11 12 00	1003.60	
2025 01 28 11 13 00	1003.41	
2025 01 28 11 14 00	1003.24	
2025 01 28 11 15 00	1003.26	
2025 01 28 11 16 00	1003.34	
2025 01 28 11 17 00	1003.25	
2025 01 28 11 18 00	1003.30	
2025 01 28 11 19 00	1003.23	
2025 01 28 11 20 00	1003.22	
2025 01 28 11 21 00	1003.16	
2025 01 28 11 22 00	1003.03	
2025 01 28 11 23 00	1003.03	
2025 01 28 11 24 00	1003.00	
2025 01 28 11 25 00	1002.98	
2025 01 28 11 26 00	1002.98	
2025 01 28 11 27 00	1002.90	
2025 01 28 11 28 00	1002.83	
2025 01 28 11 29 00	1003.02	
2025 01 28 11 30 00	1003.04	
2025 01 28 11 31 00	1003.09	
2025 01 28 11 32 00	1003.13	
2025 01 28 11 33 00	1002.91	
2025 01 28 11 34 00	1002.92	
2025 01 28 11 35 00	1002.96	
2025 01 28 11 36 00	1002.99	
2025 01 28 11 37 00	1003.15	
2025 01 28 11 38 00	1003.19	
2025 01 28 11 39 00	1003.14	
2025 01 28 11 40 00	1002.97	
2025 01 28 11 41 00	1002.80	
2025 01 28 11 42 00	1002.92	
2025 01 28 11 43 00	1002.85	
2025 01 28 11 44 00	1002.75	
2025 01 28 11 45 00	1002.73	
2025 01 28 11 46 00	1002.66	
2025 01 28 11 47 00	1002.55	
2025 01 28 11 48 00	1002.56	
2025 01 28 11 49 00	1002.58	
2025 01 28 11 50 00	1002.56	
2025 01 28 11 51 00	1002.58	
2025 01 28 11 52 00	1002.52	
2025 01 28 11 53 00	1002.48	
2025 01 28 11 54 00	1002.58	
2025 01 28 11 55 00	1002.46	
2025 01 28 11 56 00	1002.47	
2025 01 28 11 57 00	1002.53	
2025 01 28 11 58 00	1002.47	
2025 01 28 11 59 00	1002.43	
2025 01 28 12 00 00	1002.46	
2025 01 28 12 01 00	1002.49	
2025 01 28 12 02 00	1002.53	
2025 01 28 12 03 00	1002.52	
2025 01 28 12 04 00	1002.47	
2025 01 28 12 05 00	1002.52	
2025 01 28 12 06 00	1002.61	
2025 01 28 12 07 00	1002.56	
2025 01 28 12 08 00	1002.65	
2025 01 28 12 09 00	1002.66	
2025 01 28 12 10 00	1002.74	
2025 01 28 12 11 00	1002.84	
2025 01 28 12 12 00	1002.80	
2025 01 28 12 13 00	1002.72	
2025 01 28 12 14 00	1002.78	
2025 01 28 12 15 00	1002.82	
2025 01 28 12 16 00	1002.78	
2025 01 28 12 17 00	1002.69	
2025 01 28 12 18 00	1002.80	
2025 01 28 12 19 00	1002.71	
2025 01 28 12 20 00	1002.82	
2025 01 28 12 21 00	1002.91	
2025 01 28 12 22 00	1002.74	
2025 01 28 12 23 00	1002.71	
2025 01 28 12 24 00	1002.66	
2025 01 28 12 25 00	1002.63	
2025 01 28 12 26 00	1002.58	
2025 01 28 12 27 00	1002.37	
2025 01 28 12 28 00	1002.33	
2025 01 28 12 29 00	1002.35	
2025 01 28 12 30 00	1002.38	
2025 01 28 12 31 00	1002.28	
2025 01 28 12 32 00	1002.24	
2025 01 28 12 33 00	1002.21	
2025 01 28 12 34 00	1002.13	
2025 01 28 12 35 00	1002.11	
2025 01 28 12 36 00	1002.17	
2025 01 28 12 37 00	1002.24	
2025 01 28 12 38 00	1002.18	
2025 01 28 12 39 00	1002.23	
2025 01 28 12 40 00	1002.22	
2025 01 28 12 41 00	1002.24	
2025 01 28 12 42 00	1002.18	
2025 01 28 12 43 00	1002.11	
2025 01 28 12 44 00	1002.12	
2025 01 28 12 45 00	1002.17	
2025 01 28 12 46 00	1002.28	
2025 01 28 12 47 00	1002.29	
2025 01 28 12 48 00	1002.20	
2025 01 28 12 49 00	1002.28	
2025 01 28 12 50 00	1002.28	
2025 01 28 12 51 00	1002.19	
2025 01 28 12 52 00	1002.24	
2025 01 28 12 53 00	1002.31	
2025 01 28 12 54 00	1002.35	
2025 01 28 12 55 00	1002.36	
2025 01 28 12 56 00	1002.22	
2025 01 28 12 57 00	1002.32	
2025 01 28 12 58 00	1002.27	
2025 01 28 12 59 00	1002.24	
2025 01 28 13 00 00	1002.32	
2025 01 28 13 01 00	1002.34	
2025 01 28 13 02 00	1002.24	
2025 01 28 13 03 00	1002.33	
2025 01 28 13 04 00	1002.22	
2025 01 28 13 05 00	1002.18	
2025 01 28 13 06 00	1002.14	
2025 01 28 13 07 00	1002.08	
2025 01 28 13 08 00	1002.06	
2025 01 28 13 09 00	1002.01	
2025 01 28 13 10 00	1002.06	
2025 01 28 13 11 00	1001.98	
2025 01 28 13 12 00	1002.03	
2025 01 28 13 13 00	1001.94	
2025 01 28 13 14 00	1002.01	
2025 01 28 13 15 00	1001.89	
2025 01 28 13 16 00	1002.18	
2025 01 28 13 17 00	1002.30	
2025 01 28 13 18 00	1002.20	
2025 01 28 13 19 00	1002.27	
2025 01 28 13 20 00	1002.25	
2025 01 28 13 21 00	1002.15	
2025 01 28 13 22 00	1002.16	
2025 01 28 13 23 00	1002.26	
2025 01 28 13 24 00	1002.36	
2025 01 28 13 25 00	1002.26	
2025 01 28 13 26 00	1002.32	
2025 01 28 13 27 00	1002.09	
2025 01 28 13 28 00	1002.21	
2025 01 28 13 29 00	1002.14	
2025 01 28 13 30 00	1002.23	
2025 01 28 13 31 00	1002.14	
2025 01 28 13 32 00	1002.07	
2025 01 28 13 33 00	1002.19	
2025 01 28 13 34 00	1002.31	
2025 01 28 13 35 00	1002.48	
2025 01 28 13 36 00	1002.42	
2025 01 28 13 37 00	1002.37	
2025 01 28 13 38 00	1002.51	
2025 01 28 13 39 00	1002.56	
2025 01 28 13 40 00	1002.69	
2025 01 28 13 41 00	1002.56	
2025 01 28 13 42 00	1002.61	
2025 01 28 13 43 00	1002.70	
2025 01 28 13 44 00	1002.58	
2025 01 28 13 45 00	1002.64	
2025 01 28 13 46 00	1002.73	
2025 01 28 13 47 00	1002.67	
2025 01 28 13 48 00	1002.75	
2025 01 28 13 49 00	1002.80	
2025 01 28 13 50 00	1002.82	
2025 01 28 13 51 00	1002.95	
2025 01 28 13 52 00	1002.73	
2025 01 28 13 53 00	1002.85	
2025 01 28 13 54 00	1002.84	
2025 01 28 13 55 00	1002.89	
2025 01 28 13 56 00	1002.74	
2025 01 28 13 57 00	1002.86	
2025 01 28 13 58 00	1002.85	
2025 01 28 13 59 00	1002.82	
2025 01 28 14 00 00	1002.88	
2025 01 28 14 01 00	1002.79	
2025 01 28 14 02 00	1002.84	
2025 01 28 14 03 00	1002.81	
2025 01 28 14 04 00	1002.91	
2025 01 28 14 05 00	1002.77	
2025 01 28 14 06 00	1002.90	
2025 01 28 14 07 00	1002.90	
2025 01 28 14 08 00	1002.97	
2025 01 28 14 09 00	1003.06	
2025 01 28 14 10 00	1003.11	
2025 01 28 14 11 00	1003.32	
2025 01 28 14 12 00	1003.31	
2025 01 28 14 13 00	1003.16	
2025 01 28 14 14 00	1002.92	
2025 01 28 14 15 00	1002.90	
2025 01 28 14 16 00	1002.85	
2025 01 28 14 17 00	1002.71	
2025 01 28 14 18 00	1002.71	
2025 01 28 14 19 00	1002.71	
2025 01 28 14 20 00	1002.78	
2025 01 28 14 21 00	1002.82	
2025 01 28 14 22 00	1002.81	
2025 01 28 14 23 00	1002.66	
2025 01 28 14 24 00	1002.58	
2025 01 28 14 25 00	1002.83	
2025 01 28 14 26 00	1002.78	
2025 01 28 14 27 00	1002.83	
2025 01 28 14 28 00	1002.99	
2025 01 28 14 29 00	1002.96	
2025 01 28 14 30 00	1002.99	
2025 01 28 14 31 00	1003.04	
2025 01 28 14 32 00	1002.97	
2025 01 28 14 33 00	1003.03	
2025 01 28 14 34 00	1003.10	
2025 01 28 14 35 00	1003.19	
2025 01 28 14 36 00	1003.15	
2025 01 28 14 37 00	1003.15	
2025 01 28 14 38 00	1003.42	
2025 01 28 14 39 00	1003.29	
2025 01 28 14 40 00	1003.32	
2025 01 28 14 41 00	1003.14	
2025 01 28 14 42 00	1003.22	
2025 01 28 14 43 00	1003.36	
2025 01 28 14 44 00	1003.28	
2025 01 28 14 45 00	1003.30	
2025 01 28 14 46 00	1003.45	
2025 01 28 14 47 00	1003.59	
2025 01 28 14 48 00	1004.08	
2025 01 28 14 49 00	1004.31	
2025 01 28 14 50 00	1004.67	
2025 01 28 14 51 00	1004.57	
2025 01 28 14 52 00	1004.35	
2025 01 28 14 53 00	1004.54	
2025 01 28 14 54 00	1004.54	
2025 01 28 14 55 00	1004.61	
2025 01 28 14 56 00	1004.69	
2025 01 28 14 57 00	1004.45	
2025 01 28 14 58 00	1004.24	
2025 01 28 14 59 00	1004.03	
2025 01 28 15 00 00	1004.03	
2025 01 28 15 01 00	1004.18	
2025 01 28 15 02 00	1004.27	
2025 01 28 15 03 00	1004.26	
2025 01 28 15 04 00	1004.19	
2025 01 28 15 05 00	1004.18	
2025 01 28 15 06 00	1004.20	
2025 01 28 15 07 00	1004.24	
2025 01 28 15 08 00	1003.97	
2025 01 28 15 09 00	1004.06	
2025 01 28 15 10 00	1004.10	
2025 01 28 15 11 00	1004.03	
2025 01 28 15 12 00	1004.13	
2025 01 28 15 13 00	1004.22	
2025 01 28 15 14 00	1004.33	
2025 01 28 15 15 00	1004.48	
2025 01 28 15 16 00	1004.70	
2025 01 28 15 17 00	1004.85	
2025 01 28 15 18 00	1004.98	
2025 01 28 15 19 00	1004.93	
2025 01 28 15 20 00	1004.75	
2025 01 28 15 21 00	1004.63	
2025 01 28 15 22 00	1004.32	
2025 01 28 15 23 00	1004.16	
2025 01 28 15 24 00	1004.08	
2025 01 28 15 25 00	1004.08	
2025 01 28 15 26 00	1004.11	
2025 01 28 15 27 00	1004.14	
2025 01 28 15 28 00	1004.12	
2025 01 28 15 29 00	1004.09	
2025 01 28 15 30 00	1004.08	
2025 01 28 15 31 00	1004.13	
2025 01 28 15 32 00	1004.16	
2025 01 28 15 33 00	1004.11	
2025 01 28 15 34 00	1004.09	
2025 01 28 15 35 00	1004.03	
2025 01 28 15 36 00	1003.93	
2025 01 28 15 37 00	1003.89	
2025 01 28 15 38 00	1003.87	
2025 01 28 15 39 00	1003.86	
2025 01 28 15 40 00	1003.96	
2025 01 28 15 41 00	1003.92	
2025 01 28 15 42 00	1003.93	
2025 01 28 15 43 00	1004.07	
2025 01 28 15 44 00	1004.02	
2025 01 28 15 45 00	1003.99	
2025 01 28 15 46 00	1003.92	
2025 01 28 15 47 00	1004.01	
2025 01 28 15 48 00	1004.16	
2025 01 28 15 49 00	1004.21	
2025 01 28 15 50 00	1004.19	
2025 01 28 15 51 00	1004.14	
2025 01 28 15 52 00	1004.19	
2025 01 28 15 53 00	1004.24	
2025 01 28 15 54 00	1004.29	
2025 01 28 15 55 00	1004.32	
2025 01 28 15 56 00	1004.32	
2025 01 28 15 57 00	1004.37	
2025 01 28 15 58 00	1004.38	
2025 01 28 15 59 00	1004.37	
2025 01 28 16 00 00	1004.39	
2025 01 28 16 01 00	1004.43	
2025 01 28 16 02 00	1004.45	
2025 01 28 16 03 00	1004.45	
2025 01 28 16 04 00	1004.43	
2025 01 28 16 05 00	1004.43	
2025 01 28 16 06 00	1004.39	
2025 01 28 16 07 00	1004.40	
2025 01 28 16 08 00	1004.43	
2025 01 28 16 09 00	1004.53	
2025 01 28 16 10 00	1004.57	
2025 01 28 16 11 00	1004.60	
2025 01 28 16 12 00	1004.56	
2025 01 28 16 13 00	1004.59	
2025 01 28 16 14 00	1004.69	
2025 01 28 16 15 00	1004.73	
2025 01 28 16 16 00	1004.71	
2025 01 28 16 17 00	1004.62	
2025 01 28 16 18 00	1004.57	
2025 01 28 16 19 00	1004.71	
2025 01 28 16 20 00	1004.84	
2025 01 28 16 21 00	1004.91	
2025 01 28 16 22 00	1004.92	
2025 01 28 16 23 00	1004.89	
2025 01 28 16 24 00	1004.98	
2025 01 28 16 25 00	1005.21	
2025 01 28 16 26 00	1005.36	
2025 01 28 16 27 00	1005.39	
2025 01 28 16 28 00	1005.41	
2025 01 28 16 29 00	1005.35	
2025 01 28 16 30 00	1005.14	
2025 01 28 16 31 00	1004.87	
2025 01 28 16 32 00	1004.81	
2025 01 28 16 33 00	1004.75	
2025 01 28 16 34 00	1004.91	
2025 01 28 16 35 00	1005.04	
2025 01 28 16 36 00	1005.04	
2025 01 28 16 37 00	1005.07	
2025 01 28 16 38 00	1005.15	
2025 01 28 16 39 00	1005.15	
2025 01 28 16 40 00	1005.12	
2025 01 28 16 41 00	1005.21	
2025 01 28 16 42 00	1005.25	
2025 01 28 16 43 00	1005.25	
2025 01 28 16 44 00	1005.21	
2025 01 28 16 45 00	1005.11	
2025 01 28 16 46 00	1005.04	
2025 01 28 16 47 00	1005.07	
2025 01 28 16 48 00	1005.14	
2025 01 28 16 49 00	1005.23	
2025 01 28 16 50 00	1005.31	
2025 01 28 16 51 00	1005.37	
2025 01 28 16 52 00	1005.37	
2025 01 28 16 53 00	1005.36	
2025 01 28 16 54 00	1005.20	
2025 01 28 16 55 00	1004.96	
2025 01 28 16 56 00	1004.76	
2025 01 28 16 57 00	1004.71	
2025 01 28 16 58 00	1004.80	
2025 01 28 16 59 00	1004.78	
2025 01 28 17 00 00	1004.72	
2025 01 28 17 01 00	1004.67	
2025 01 28 17 02 00	1004.67	
2025 01 28 17 03 00	1004.69	
2025 01 28 17 04 00	1004.64	
2025 01 28 17 05 00	1004.68	
2025 01 28 17 06 00	1004.72	
2025 01 28 17 07 00	1004.81	
2025 01 28 17 08 00	1004.92	
2025 01 28 17 09 00	1004.98	
2025 01 28 17 10 00	1005.05	
2025 01 28 17 11 00	1005.09	
2025 01 28 17 12 00	1005.12	
2025 01 28 17 13 00	1005.16	
2025 01 28 17 14 00	1005.19	
2025 01 28 17 15 00	1005.19	
2025 01 28 17 16 00	1005.19	
2025 01 28 17 17 00	1005.20	
2025 01 28 17 18 00	1005.27	
2025 01 28 17 19 00	1005.36	
2025 01 28 17 20 00	1005.42	
2025 01 28 17 21 00	1005.51	
2025 01 28 17 22 00	1005.56	
2025 01 28 17 23 00	1005.64	
2025 01 28 17 24 00	1005.71	
2025 01 28 17 25 00	1005.77	
2025 01 28 17 26 00	1005.77	
2025 01 28 17 27 00	1005.78	
2025 01 28 17 28 00	1005.74	
2025 01 28 17 29 00	1005.69	
2025 01 28 17 30 00	1005.72	
2025 01 28 17 31 00	1005.73	
2025 01 28 17 32 00	1005.77	
2025 01 28 17 33 00	1005.77	
2025 01 28 17 34 00	1005.77	
2025 01 28 17 35 00	1005.75	
2025 01 28 17 36 00	1005.73	
2025 01 28 17 37 00	1005.75	
2025 01 28 17 38 00	1005.82	
2025 01 28 17 39 00	1005.89	
2025 01 28 17 40 00	1005.88	
2025 01 28 17 41 00	1005.88	
2025 01 28 17 42 00	1005.85	
2025 01 28 17 43 00	1005.81	
2025 01 28 17 44 00	1005.77	
2025 01 28 17 45 00	1005.78	
2025 01 28 17 46 00	1005.82	
2025 01 28 17 47 00	1005.85	
2025 01 28 17 48 00	1005.89	
2025 01 28 17 49 00	1005.87	
2025 01 28 17 50 00	1005.91	
2025 01 28 17 51 00	1005.95	
2025 01 28 17 52 00	1005.97	
2025 01 28 17 53 00	1006.01	
2025 01 28 17 54 00	1006.01	
2025 01 28 17 55 00	1006.00	
2025 01 28 17 56 00	1005.98	
2025 01 28 17 57 00	1005.95	
2025 01 28 17 58 00	1005.94	
2025 01 28 17 59 00	1005.92	
2025 01 28 18 00 00	1005.94	
2025 01 28 18 01 00	1005.92	
2025 01 28 18 02 00	1005.85	
2025 01 28 18 03 00	1005.83	
2025 01 28 18 04 00	1005.81	
2025 01 28 18 05 00	1005.80	
2025 01 28 18 06 00	1005.81	
2025 01 28 18 07 00	1005.82	
2025 01 28 18 08 00	1005.85	
2025 01 28 18 09 00	1005.90	
2025 01 28 18 10 00	1005.93	
2025 01 28 18 11 00	1005.92	
2025 01 28 18 12 00	1005.92	
2025 01 28 18 13 00	1005.87	
2025 01 28 18 14 00	1005.85	
2025 01 28 18 15 00	1005.87	
2025 01 28 18 16 00	1005.89	
2025 01 28 18 17 00	1005.92	
2025 01 28 18 18 00	1005.98	
2025 01 28 18 19 00	1006.05	
2025 01 28 18 20 00	1006.13	
2025 01 28 18 21 00	1006.19	
2025 01 28 18 22 00	1006.22	
2025 01 28 18 23 00	1006.23	
2025 01 28 18 24 00	1006.22	
2025 01 28 18 25 00	1006.19	
2025 01 28 18 26 00	1006.21	
2025 01 28 18 27 00	1006.22	
2025 01 28 18 28 00	1006.23	
2025 01 28 18 29 00	1006.26	
2025 01 28 18 30 00	1006.33	
2025 01 28 18 31 00	1006.38	
2025 01 28 18 32 00	1006.39	
2025 01 28 18 33 00	1006.37	
2025 01 28 18 34 00	1006.33	
2025 01 28 18 35 00	1006.28	
2025 01 28 18 36 00	1006.26	
2025 01 28 18 37 00	1006.25	
2025 01 28 18 38 00	1006.27	
2025 01 28 18 39 00	1006.25	
2025 01 28 18 40 00	1006.26	
2025 01 28 18 41 00	1006.25	
2025 01 28 18 42 00	1006.23	
2025 01 28 18 43 00	1006.26	
2025 01 28 18 44 00	1006.28	
2025 01 28 18 45 00	1006.31	
2025 01 28 18 46 00	1006.33	
2025 01 28 18 47 00	1006.36	
2025 01 28 18 48 00	1006.35	
2025 01 28 18 49 00	1006.37	
2025 01 28 18 50 00	1006.34	
2025 01 28 18 51 00	1006.31	
2025 01 28 18 52 00	1006.32	
2025 01 28 18 53 00	1006.31	
2025 01 28 18 54 00	1006.31	
2025 01 28 18 55 00	1006.30	
2025 01 28 18 56 00	1006.30	
2025 01 28 18 57 00	1006.33	
2025 01 28 18 58 00	1006.34	
2025 01 28 18 59 00	1006.36	
2025 01 28 19 00 00	1006.34	
2025 01 28 19 01 00	1006.34	
2025 01 28 19 02 00	1006.32	
2025 01 28 19 03 00	1006.35	
2025 01 28 19 04 00	1006.37	
2025 01 28 19 05 00	1006.40	
2025 01 28 19 06 00	1006.43	
2025 01 28 19 07 00	1006.46	
2025 01 28 19 08 00	1006.49	
2025 01 28 19 09 00	1006.52	
2025 01 28 19 10 00	1006.57	
2025 01 28 19 11 00	1006.56	
2025 01 28 19 12 00	1006.52	
2025 01 28 19 13 00	1006.50	
2025 01 28 19 14 00	1006.50	
2025 01 28 19 15 00	1006.48	
2025 01 28 19 16 00	1006.49	
2025 01 28 19 17 00	1006.52	
2025 01 28 19 18 00	1006.56	
2025 01 28 19 19 00	1006.62	
2025 01 28 19 20 00	1006.63	
2025 01 28 19 21 00	1006.64	
2025 01 28 19 22 00	1006.66	
2025 01 28 19 23 00	1006.67	
2025 01 28 19 24 00	1006.67	
2025 01 28 19 25 00	1006.68	
2025 01 28 19 26 00	1006.70	
2025 01 28 19 27 00	1006.68	
2025 01 28 19 28 00	1006.67	
2025 01 28 19 29 00	1006.67	
2025 01 28 19 30 00	1006.72	
2025 01 28 19 31 00	1006.78	
2025 01 28 19 32 00	1006.77	
2025 01 28 19 33 00	1006.74	
2025 01 28 19 34 00	1006.78	
2025 01 28 19 35 00	1006.78	
2025 01 28 19 36 00	1006.84	
2025 01 28 19 37 00	1006.84	
2025 01 28 19 38 00	1006.86	
2025 01 28 19 39 00	1006.82	
2025 01 28 19 40 00	1006.80	
2025 01 28 19 41 00	1006.80	
2025 01 28 19 42 00	1006.78	
2025 01 28 19 43 00	1006.79	
2025 01 28 19 44 00	1006.81	
2025 01 28 19 45 00	1006.83	
2025 01 28 19 46 00	1006.89	
2025 01 28 19 47 00	1006.91	
2025 01 28 19 48 00	1006.93	
2025 01 28 19 49 00	1006.96	
2025 01 28 19 50 00	1007.06	
2025 01 28 19 51 00	1007.11	
2025 01 28 19 52 00	1007.14	
2025 01 28 19 53 00	1007.16	
2025 01 28 19 54 00	1007.17	
2025 01 28 19 55 00	1007.18	
2025 01 28 19 56 00	1007.20	
2025 01 28 19 57 00	1007.23	
2025 01 28 19 58 00	1007.22	
2025 01 28 19 59 00	1007.25	
2025 01 28 20 00 00	1007.24	
2025 01 28 20 01 00	1007.25	
2025 01 28 20 02 00	1007.27	
2025 01 28 20 03 00	1007.29	
2025 01 28 20 04 00	1007.31	
2025 01 28 20 05 00	1007.33	
2025 01 28 20 06 00	1007.33	
2025 01 28 20 07 00	1007.33	
2025 01 28 20 08 00	1007.34	
2025 01 28 20 09 00	1007.32	
2025 01 28 20 10 00	1007.32	
2025 01 28 20 11 00	1007.28	
2025 01 28 20 12 00	1007.26	
2025 01 28 20 13 00	1007.26	
2025 01 28 20 14 00	1007.32	
2025 01 28 20 15 00	1007.40	
2025 01 28 20 16 00	1007.47	
2025 01 28 20 17 00	1007.39	
2025 01 28 20 18 00	1007.40	
2025 01 28 20 19 00	1007.46	
2025 01 28 20 20 00	1007.47	
2025 01 28 20 21 00	1007.52	
2025 01 28 20 22 00	1007.53	
2025 01 28 20 23 00	1007.55	
2025 01 28 20 24 00	1007.56	
2025 01 28 20 25 00	1007.57	
2025 01 28 20 26 00	1007.56	
2025 01 28 20 27 00	1007.58	
2025 01 28 20 28 00	1007.61	
2025 01 28 20 29 00	1007.66	
2025 01 28 20 30 00	1007.72	
2025 01 28 20 31 00	1007.77	
2025 01 28 20 32 00	1007.79	
2025 01 28 20 33 00	1007.78	
2025 01 28 20 34 00	1007.77	
2025 01 28 20 35 00	1007.77	
2025 01 28 20 36 00	1007.78	
2025 01 28 20 37 00	1007.77	
2025 01 28 20 38 00	1007.77	
2025 01 28 20 39 00	1007.75	
2025 01 28 20 40 00	1007.74	
2025 01 28 20 41 00	1007.76	
2025 01 28 20 42 00	1007.84	
2025 01 28 20 43 00	1007.86	
2025 01 28 20 44 00	1007.84	
2025 01 28 20 45 00	1007.90	
2025 01 28 20 46 00	1007.95	
2025 01 28 20 47 00	1007.97	
2025 01 28 20 48 00	1007.83	
2025 01 28 20 49 00	1007.83	
2025 01 28 20 50 00	1007.86	
2025 01 28 20 51 00	1007.87	
2025 01 28 20 52 00	1007.92	
2025 01 28 20 53 00	1007.93	
2025 01 28 20 54 00	1007.98	
2025 01 28 20 55 00	1008.02	
2025 01 28 20 56 00	1007.97	
2025 01 28 20 57 00	1007.99	
2025 01 28 20 58 00	1008.02	
2025 01 28 20 59 00	1008.06	
2025 01 28 21 00 00	1008.10	
2025 01 28 21 01 00	1008.05	
2025 01 28 21 02 00	1008.01	
2025 01 28 21 03 00	1008.03	
2025 01 28 21 04 00	1008.06	
2025 01 28 21 05 00	1008.10	
2025 01 28 21 06 00	1008.10	
2025 01 28 21 07 00	1008.10	
2025 01 28 21 08 00	1008.09	
2025 01 28 21 09 00	1008.10	
2025 01 28 21 10 00	1008.12	
2025 01 28 21 11 00	1008.10	
2025 01 28 21 12 00	1008.11	
2025 01 28 21 13 00	1008.12	
2025 01 28 21 14 00	1008.12	
2025 01 28 21 15 00	1008.13	
2025 01 28 21 16 00	1008.13	
2025 01 28 21 17 00	1008.12	
2025 01 28 21 18 00	1008.18	
2025 01 28 21 19 00	1008.15	
2025 01 28 21 20 00	1008.17	
2025 01 28 21 21 00	1008.17	
2025 01 28 21 22 00	1008.19	
2025 01 28 21 23 00	1008.16	
2025 01 28 21 24 00	1008.13	
2025 01 28 21 25 00	1008.12	
2025 01 28 21 26 00	1008.13	
2025 01 28 21 27 00	1008.15	
2025 01 28 21 28 00	1008.12	
2025 01 28 21 29 00	1008.18	
2025 01 28 21 30 00	1008.20	
2025 01 28 21 31 00	1008.16	
2025 01 28 21 32 00	1008.19	
2025 01 28 21 33 00	1008.20	
2025 01 28 21 34 00	1008.24	
2025 01 28 21 35 00	1008.28	
2025 01 28 21 36 00	1008.29	
2025 01 28 21 37 00	1008.28	
2025 01 28 21 38 00	1008.29	
2025 01 28 21 39 00	1008.24	
2025 01 28 21 40 00	1008.28	
2025 01 28 21 41 00	1008.36	
2025 01 28 21 42 00	1008.38	
2025 01 28 21 43 00	1008.36	
2025 01 28 21 44 00	1008.39	
2025 01 28 21 45 00	1008.37	
2025 01 28 21 46 00	1008.41	
2025 01 28 21 47 00	1008.40	
2025 01 28 21 48 00	1008.38	
2025 01 28 21 49 00	1008.41	
2025 01 28 21 50 00	1008.46	
2025 01 28 21 51 00	1008.50	
2025 01 28 21 52 00	1008.48	
2025 01 28 21 53 00	1008.42	
2025 01 28 21 54 00	1008.43	
2025 01 28 21 55 00	1008.46	
2025 01 28 21 56 00	1008.48	
2025 01 28 21 57 00	1008.50	
2025 01 28 21 58 00	1008.51	
2025 01 28 21 59 00	1008.55	
2025 01 28 22 00 00	1008.61	
2025 01 28 22 01 00	1008.59	
2025 01 28 22 02 00	1008.62	
2025 01 28 22 03 00	1008.64	
2025 01 28 22 04 00	1008.68	
2025 01 28 22 05 00	1008.72	
2025 01 28 22 06 00	1008.74	
2025 01 28 22 07 00	1008.75	
2025 01 28 22 08 00	1008.76	
2025 01 28 22 09 00	1008.78	
2025 01 28 22 10 00	1008.79	
2025 01 28 22 11 00	1008.79	
2025 01 28 22 12 00	1008.84	
2025 01 28 22 13 00	1008.87	
2025 01 28 22 14 00	1008.87	
2025 01 28 22 15 00	1008.84	
2025 01 28 22 16 00	1008.83	
2025 01 28 22 17 00	1008.86	
2025 01 28 22 18 00	1008.93	
2025 01 28 22 19 00	1008.93	
2025 01 28 22 20 00	1008.97	
2025 01 28 22 21 00	1008.92	
2025 01 28 22 22 00	1008.93	
2025 01 28 22 23 00	1008.98	
2025 01 28 22 24 00	1008.98	
2025 01 28 22 25 00	1008.95	
2025 01 28 22 26 00	1008.94	
2025 01 28 22 27 00	1008.93	
2025 01 28 22 28 00	1008.93	
2025 01 28 22 29 00	1008.93	
2025 01 28 22 30 00	1008.94	
2025 01 28 22 31 00	1008.95	
2025 01 28 22 32 00	1008.98	
2025 01 28 22 33 00	1008.99	
2025 01 28 22 34 00	1009.04	
2025 01 28 22 35 00	1009.07	
2025 01 28 22 36 00	1009.06	
2025 01 28 22 37 00	1009.07	
2025 01 28 22 38 00	1009.08	
2025 01 28 22 39 00	1009.12	
2025 01 28 22 40 00	1009.14	
2025 01 28 22 41 00	1009.12	
2025 01 28 22 42 00	1009.10	
2025 01 28 22 43 00	1009.12	
2025 01 28 22 44 00	1009.12	
2025 01 28 22 45 00	1009.13	
2025 01 28 22 46 00	1009.14	
2025 01 28 22 47 00	1009.14	
2025 01 28 22 48 00	1009.15	
2025 01 28 22 49 00	1009.15	
2025 01 28 22 50 00	1009.16	
2025 01 28 22 51 00	1009.15	
2025 01 28 22 52 00	1009.18	
2025 01 28 22 53 00	1009.18	
2025 01 28 22 54 00	1009.18	
2025 01 28 22 55 00	1009.20	
2025 01 28 22 56 00	1009.22	
2025 01 28 22 57 00	1009.23	
2025 01 28 22 58 00	1009.25	
2025 01 28 22 59 00	1009.24	
2025 01 28 23 00 00	1009.27	
2025 01 28 23 01 00	1009.29	
2025 01 28 23 02 00	1009.30	
2025 01 28 23 03 00	1009.30	
2025 01 28 23 04 00	1009.29	
2025 01 28 23 05 00	1009.30	
2025 01 28 23 06 00	1009.30	
2025 01 28 23 07 00	1009.29	
2025 01 28 23 08 00	1009.33	
2025 01 28 23 09 00	1009.34	
2025 01 28 23 10 00	1009.33	
2025 01 28 23 11 00	1009.34	
2025 01 28 23 12 00	1009.36	
2025 01 28 23 13 00	1009.38	
2025 01 28 23 14 00	1009.36	
2025 01 28 23 15 00	1009.39	
2025 01 28 23 16 00	1009.40	
2025 01 28 23 17 00	1009.41	
2025 01 28 23 18 00	1009.42	
2025 01 28 23 19 00	1009.43	
2025 01 28 23 20 00	1009.44	
2025 01 28 23 21 00	1009.44	
2025 01 28 23 22 00	1009.45	
2025 01 28 23 23 00	1009.44	
2025 01 28 23 24 00	1009.44	
2025 01 28 23 25 00	1009.43	
2025 01 28 23 26 00	1009.42	
2025 01 28 23 27 00	1009.44	
2025 01 28 23 28 00	1009.47	
2025 01 28 23 29 00	1009.50	
2025 01 28 23 30 00	1009.53	
2025 01 28 23 31 00	1009.55	
2025 01 28 23 32 00	1009.56	
2025 01 28 23 33 00	1009.56	
2025 01 28 23 34 00	1009.57	
2025 01 28 23 35 00	1009.59	
2025 01 28 23 36 00	1009.60	
2025 01 28 23 37 00	1009.61	
2025 01 28 23 38 00	1009.61	
2025 01 28 23 39 00	1009.61	
2025 01 28 23 40 00	1009.61	
2025 01 28 23 41 00	1009.63	
2025 01 28 23 42 00	1009.61	
2025 01 28 23 43 00	1009.61	
2025 01 28 23 44 00	1009.62	
2025 01 28 23 45 00	1009.62	
2025 01 28 23 46 00	1009.60	
2025 01 28 23 47 00	1009.59	
2025 01 28 23 48 00	1009.61	
2025 01 28 23 49 00	1009.64	
2025 01 28 23 50 00	1009.68	
2025 01 28 23 51 00	1009.69	
2025 01 28 23 52 00	1009.68	
2025 01 28 23 53 00	1009.68	
2025 01 28 23 54 00	1009.67	
2025 01 28 23 55 00	1009.66	
2025 01 28 23 56 00	1009.67	
2025 01 28 23 57 00	1009.66	
2025 01 28 23 58 00	1009.66	
2025 01 28 23 59 00	1009.67	
2025 01 29 00 00 00	1009.69	
2025 01 29 00 01 00	1009.69	
2025 01 29 00 02 00	1009.71	
2025 01 29 00 03 00	1009.70	
2025 01 29 00 04 00	1009.71	
2025 01 29 00 05 00	1009.74	
2025 01 29 00 06 00	1009.70	
2025 01 29 00 07 00	1009.72	
2025 01 29 00 08 00	1009.74	
2025 01 29 00 09 00	1009.74	
2025 01 29 00 10 00	1009.72	
2025 01 29 00 11 00	1009.69	
2025 01 29 00 12 00	1009.68	
2025 01 29 00 13 00	1009.70	
2025 01 29 00 14 00	1009.67	
2025 01 29 00 15 00	1009.67	
2025 01 29 00 16 00	1009.70	
2025 01 29 00 17 00	1009.71	
2025 01 29 00 18 00	1009.72	
2025 01 29 00 19 00	1009.73	
2025 01 29 00 20 00	1009.75	
2025 01 29 00 21 00	1009.76	
2025 01 29 00 22 00	1009.74	
2025 01 29 00 23 00	1009.74	
2025 01 29 00 24 00	1009.73	
2025 01 29 00 25 00	1009.72	
2025 01 29 00 26 00	1009.72	
2025 01 29 00 27 00	1009.72	
2025 01 29 00 28 00	1009.73	
2025 01 29 00 29 00	1009.73	
2025 01 29 00 30 00	1009.75	
2025 01 29 00 31 00	1009.77	
2025 01 29 00 32 00	1009.78	
2025 01 29 00 33 00	1009.75	
2025 01 29 00 34 00	1009.78	
2025 01 29 00 35 00	1009.78	
2025 01 29 00 36 00	1009.83	
2025 01 29 00 37 00	1009.84	
2025 01 29 00 38 00	1009.86	
2025 01 29 00 39 00	1009.89	
2025 01 29 00 40 00	1009.89	
2025 01 29 00 41 00	1009.93	
2025 01 29 00 42 00	1009.99	
2025 01 29 00 43 00	1010.00	
2025 01 29 00 44 00	1010.03	
2025 01 29 00 45 00	1010.04	
2025 01 29 00 46 00	1010.07	
2025 01 29 00 47 00	1010.04	
2025 01 29 00 48 00	1010.07	
2025 01 29 00 49 00	1010.08	
2025 01 29 00 50 00	1010.10	
2025 01 29 00 51 00	1010.09	
2025 01 29 00 52 00	1010.07	
2025 01 29 00 53 00	1010.11	
2025 01 29 00 54 00	1010.13	
2025 01 29 00 55 00	1010.17	
2025 01 29 00 56 00	1010.19	
2025 01 29 00 57 00	1010.19	
2025 01 29 00 58 00	1010.21	
2025 01 29 00 59 00	1010.23	
2025 01 29 01 00 00	1010.27	
2025 01 29 01 01 00	1010.28	
2025 01 29 01 02 00	1010.34	
2025 01 29 01 03 00	1010.39	
2025 01 29 01 04 00	1010.37	
2025 01 29 01 05 00	1010.35	
2025 01 29 01 06 00	1010.35	
2025 01 29 01 07 00	1010.33	
2025 01 29 01 08 00	1010.33	
2025 01 29 01 09 00	1010.31	
2025 01 29 01 10 00	1010.31	
2025 01 29 01 11 00	1010.31	
2025 01 29 01 12 00	1010.30	
2025 01 29 01 13 00	1010.30	
2025 01 29 01 14 00	1010.28	
2025 01 29 01 15 00	1010.28	
2025 01 29 01 16 00	1010.35	
2025 01 29 01 17 00	1010.41	
2025 01 29 01 18 00	1010.43	
2025 01 29 01 19 00	1010.37	
2025 01 29 01 20 00	1010.35	
2025 01 29 01 21 00	1010.36	
2025 01 29 01 22 00	1010.38	
2025 01 29 01 23 00	1010.39	
2025 01 29 01 24 00	1010.36	
2025 01 29 01 25 00	1010.36	
2025 01 29 01 26 00	1010.41	
2025 01 29 01 27 00	1010.40	
2025 01 29 01 28 00	1010.42	
2025 01 29 01 29 00	1010.40	
2025 01 29 01 30 00	1010.37	
2025 01 29 01 31 00	1010.40	
2025 01 29 01 32 00	1010.44	
2025 01 29 01 33 00	1010.45	
2025 01 29 01 34 00	1010.44	
2025 01 29 01 35 00	1010.42	
2025 01 29 01 36 00	1010.41	
2025 01 29 01 37 00	1010.39	
2025 01 29 01 38 00	1010.42	
2025 01 29 01 39 00	1010.39	
2025 01 29 01 40 00	1010.41	
2025 01 29 01 41 00	1010.40	
2025 01 29 01 42 00	1010.39	
2025 01 29 01 43 00	1010.39	
2025 01 29 01 44 00	1010.38	
2025 01 29 01 45 00	1010.39	
2025 01 29 01 46 00	1010.37	
2025 01 29 01 47 00	1010.41	
2025 01 29 01 48 00	1010.41	
2025 01 29 01 49 00	1010.39	
2025 01 29 01 50 00	1010.41	
2025 01 29 01 51 00	1010.41	
2025 01 29 01 52 00	1010.43	
2025 01 29 01 53 00	1010.44	
2025 01 29 01 54 00	1010.47	
2025 01 29 01 55 00	1010.47	
2025 01 29 01 56 00	1010.47	
2025 01 29 01 57 00	1010.48	
2025 01 29 01 58 00	1010.49	
2025 01 29 01 59 00	1010.47	
2025 01 29 02 00 00	1010.49	
2025 01 29 02 01 00	1010.51	
2025 01 29 02 02 00	1010.53	
2025 01 29 02 03 00	1010.53	
2025 01 29 02 04 00	1010.52	
2025 01 29 02 05 00	1010.56	
2025 01 29 02 06 00	1010.58	
2025 01 29 02 07 00	1010.60	
2025 01 29 02 08 00	1010.61	
2025 01 29 02 09 00	1010.64	
2025 01 29 02 10 00	1010.63	
2025 01 29 02 11 00	1010.65	
2025 01 29 02 12 00	1010.65	
2025 01 29 02 13 00	1010.65	
2025 01 29 02 14 00	1010.61	
2025 01 29 02 15 00	1010.63	
2025 01 29 02 16 00	1010.66	
2025 01 29 02 17 00	1010.68	
2025 01 29 02 18 00	1010.69	
2025 01 29 02 19 00	1010.68	
2025 01 29 02 20 00	1010.67	
2025 01 29 02 21 00	1010.68	
2025 01 29 02 22 00	1010.66	
2025 01 29 02 23 00	1010.66	
2025 01 29 02 24 00	1010.67	
2025 01 29 02 25 00	1010.69	
2025 01 29 02 26 00	1010.68	
2025 01 29 02 27 00	1010.66	
2025 01 29 02 28 00	1010.65	
2025 01 29 02 29 00	1010.65	
2025 01 29 02 30 00	1010.63	
2025 01 29 02 31 00	1010.62	
2025 01 29 02 32 00	1010.67	
2025 01 29 02 33 00	1010.66	
2025 01 29 02 34 00	1010.62	
2025 01 29 02 35 00	1010.66	
2025 01 29 02 36 00	1010.69	
2025 01 29 02 37 00	1010.68	
2025 01 29 02 38 00	1010.71	
2025 01 29 02 39 00	1010.72	
2025 01 29 02 40 00	1010.76	
2025 01 29 02 41 00	1010.74	
2025 01 29 02 42 00	1010.73	
2025 01 29 02 43 00	1010.74	
2025 01 29 02 44 00	1010.76	
2025 01 29 02 45 00	1010.80	
2025 01 29 02 46 00	1010.83	
2025 01 29 02 47 00	1010.82	
2025 01 29 02 48 00	1010.83	
2025 01 29 02 49 00	1010.84	
2025 01 29 02 50 00	1010.86	
2025 01 29 02 51 00	1010.81	
2025 01 29 02 52 00	1010.83	
2025 01 29 02 53 00	1010.87	
2025 01 29 02 54 00	1010.86	
2025 01 29 02 55 00	1010.83	
2025 01 29 02 56 00	1010.80	
2025 01 29 02 57 00	1010.84	
2025 01 29 02 58 00	1010.84	
2025 01 29 02 59 00	1010.84	
2025 01 29 03 00 00	1010.84	
2025 01 29 03 01 00	1010.83	
2025 01 29 03 02 00	1010.85	
2025 01 29 03 03 00	1010.82	
2025 01 29 03 04 00	1010.84	
2025 01 29 03 05 00	1010.82	
2025 01 29 03 06 00	1010.84	
2025 01 29 03 07 00	1010.88	
2025 01 29 03 08 00	1010.89	
2025 01 29 03 09 00	1010.88	
2025 01 29 03 10 00	1010.88	
2025 01 29 03 11 00	1010.94	
2025 01 29 03 12 00	1010.97	
2025 01 29 03 13 00	1011.00	
2025 01 29 03 14 00	1010.99	
2025 01 29 03 15 00	1010.99	
2025 01 29 03 16 00	1011.00	
2025 01 29 03 17 00	1011.04	
2025 01 29 03 18 00	1011.02	
2025 01 29 03 19 00	1011.09	
2025 01 29 03 20 00	1011.16	
2025 01 29 03 21 00	1011.11	
2025 01 29 03 22 00	1011.11	
2025 01 29 03 23 00	1011.09	
2025 01 29 03 24 00	1011.08	
2025 01 29 03 25 00	1011.09	
2025 01 29 03 26 00	1011.10	
2025 01 29 03 27 00	1011.11	
2025 01 29 03 28 00	1011.13	
2025 01 29 03 29 00	1011.15	
2025 01 29 03 30 00	1011.17	
2025 01 29 03 31 00	1011.22	
2025 01 29 03 32 00	1011.26	
2025 01 29 03 33 00	1011.28	
2025 01 29 03 34 00	1011.26	
2025 01 29 03 35 00	1011.31	
2025 01 29 03 36 00	1011.33	
2025 01 29 03 37 00	1011.33	
2025 01 29 03 38 00	1011.34	
2025 01 29 03 39 00	1011.32	
2025 01 29 03 40 00	1011.32	
2025 01 29 03 41 00	1011.33	
2025 01 29 03 42 00	1011.34	
2025 01 29 03 43 00	1011.34	
2025 01 29 03 44 00	1011.31	
2025 01 29 03 45 00	1011.34	
2025 01 29 03 46 00	1011.35	
2025 01 29 03 47 00	1011.38	
2025 01 29 03 48 00	1011.40	
2025 01 29 03 49 00	1011.41	
2025 01 29 03 50 00	1011.39	
2025 01 29 03 51 00	1011.36	
2025 01 29 03 52 00	1011.35	
2025 01 29 03 53 00	1011.35	
2025 01 29 03 54 00	1011.36	
2025 01 29 03 55 00	1011.36	
2025 01 29 03 56 00	1011.37	
2025 01 29 03 57 00	1011.36	
2025 01 29 03 58 00	1011.40	
2025 01 29 03 59 00	1011.42	
2025 01 29 04 00 00	1011.46	
2025 01 29 04 01 00	1011.45	
2025 01 29 04 02 00	1011.46	
2025 01 29 04 03 00	1011.45	
2025 01 29 04 04 00	1011.45	
2025 01 29 04 05 00	1011.48	
2025 01 29 04 06 00	1011.49	
2025 01 29 04 07 00	1011.49	
2025 01 29 04 08 00	1011.53	
2025 01 29 04 09 00	1011.53	
2025 01 29 04 10 00	1011.53	
2025 01 29 04 11 00	1011.53	
2025 01 29 04 12 00	1011.53	
2025 01 29 04 13 00	1011.58	
2025 01 29 04 14 00	1011.60	
2025 01 29 04 15 00	1011.60	
2025 01 29 04 16 00	1011.61	
2025 01 29 04 17 00	1011.60	
2025 01 29 04 18 00	1011.61	
2025 01 29 04 19 00	1011.60	
2025 01 29 04 20 00	1011.59	
2025 01 29 04 21 00	1011.57	
2025 01 29 04 22 00	1011.56	
2025 01 29 04 23 00	1011.56	
2025 01 29 04 24 00	1011.56	
2025 01 29 04 25 00	1011.58	
2025 01 29 04 26 00	1011.59	
2025 01 29 04 27 00	1011.58	
2025 01 29 04 28 00	1011.60	
2025 01 29 04 29 00	1011.59	
2025 01 29 04 30 00	1011.60	
2025 01 29 04 31 00	1011.59	
2025 01 29 04 32 00	1011.59	
2025 01 29 04 33 00	1011.61	
2025 01 29 04 34 00	1011.62	
2025 01 29 04 35 00	1011.60	
2025 01 29 04 36 00	1011.65	
2025 01 29 04 37 00	1011.67	
2025 01 29 04 38 00	1011.69	
2025 01 29 04 39 00	1011.74	
2025 01 29 04 40 00	1011.76	
2025 01 29 04 41 00	1011.76	
2025 01 29 04 42 00	1011.76	
2025 01 29 04 43 00	1011.79	
2025 01 29 04 44 00	1011.85	
2025 01 29 04 45 00	1011.86	
2025 01 29 04 46 00	1011.90	
2025 01 29 04 47 00	1011.91	
2025 01 29 04 48 00	1011.93	
2025 01 29 04 49 00	1011.96	
2025 01 29 04 50 00	1011.95	
2025 01 29 04 51 00	1011.98	
2025 01 29 04 52 00	1011.99	
2025 01 29 04 53 00	1011.99	
2025 01 29 04 54 00	1011.97	
2025 01 29 04 55 00	1011.97	
2025 01 29 04 56 00	1012.01	
2025 01 29 04 57 00	1012.03	
2025 01 29 04 58 00	1012.04	
2025 01 29 04 59 00	1012.03	
2025 01 29 05 00 00	1012.05	
2025 01 29 05 01 00	1012.06	
2025 01 29 05 02 00	1012.07	
2025 01 29 05 03 00	1012.09	
2025 01 29 05 04 00	1012.12	
2025 01 29 05 05 00	1012.12	
2025 01 29 05 06 00	1012.12	
2025 01 29 05 07 00	1012.12	
2025 01 29 05 08 00	1012.15	
2025 01 29 05 09 00	1012.14	
2025 01 29 05 10 00	1012.15	
2025 01 29 05 11 00	1012.17	
2025 01 29 05 12 00	1012.19	
2025 01 29 05 13 00	1012.21	
2025 01 29 05 14 00	1012.25	
2025 01 29 05 15 00	1012.28	
2025 01 29 05 16 00	1012.31	
2025 01 29 05 17 00	1012.30	
2025 01 29 05 18 00	1012.32	
2025 01 29 05 19 00	1012.35	
2025 01 29 05 20 00	1012.36	
2025 01 29 05 21 00	1012.38	
2025 01 29 05 22 00	1012.38	
2025 01 29 05 23 00	1012.36	
2025 01 29 05 24 00	1012.38	
2025 01 29 05 25 00	1012.41	
2025 01 29 05 26 00	1012.41	
2025 01 29 05 27 00	1012.41	
2025 01 29 05 28 00	1012.42	
2025 01 29 05 29 00	1012.42	
2025 01 29 05 30 00	1012.41	
2025 01 29 05 31 00	1012.42	
2025 01 29 05 32 00	1012.44	
2025 01 29 05 33 00	1012.45	
2025 01 29 05 34 00	1012.46	
2025 01 29 05 35 00	1012.46	
2025 01 29 05 36 00	1012.45	
2025 01 29 05 37 00	1012.46	
2025 01 29 05 38 00	1012.48	
2025 01 29 05 39 00	1012.50	
2025 01 29 05 40 00	1012.58	
2025 01 29 05 41 00	1012.59	
2025 01 29 05 42 00	1012.62	
2025 01 29 05 43 00	1012.64	
2025 01 29 05 44 00	1012.67	
2025 01 29 05 45 00	1012.70	
2025 01 29 05 46 00	1012.70	
2025 01 29 05 47 00	1012.72	
2025 01 29 05 48 00	1012.72	
2025 01 29 05 49 00	1012.73	
2025 01 29 05 50 00	1012.73	
2025 01 29 05 51 00	1012.74	
2025 01 29 05 52 00	1012.75	
2025 01 29 05 53 00	1012.76	
2025 01 29 05 54 00	1012.79	
2025 01 29 05 55 00	1012.82	
2025 01 29 05 56 00	1012.83	
2025 01 29 05 57 00	1012.89	
2025 01 29 05 58 00	1012.92	
2025 01 29 05 59 00	1012.95	
2025 01 29 06 00 00	1012.99	
2025 01 29 06 01 00	1012.98	
2025 01 29 06 02 00	1013.01	
2025 01 29 06 03 00	1013.03	
2025 01 29 06 04 00	1013.06	
2025 01 29 06 05 00	1013.09	
2025 01 29 06 06 00	1013.10	
2025 01 29 06 07 00	1013.12	
2025 01 29 06 08 00	1013.16	
2025 01 29 06 09 00	1013.19	
2025 01 29 06 10 00	1013.23	
2025 01 29 06 11 00	1013.26	
2025 01 29 06 12 00	1013.28	
2025 01 29 06 13 00	1013.32	
2025 01 29 06 14 00	1013.32	
2025 01 29 06 15 00	1013.33	
2025 01 29 06 16 00	1013.33	
2025 01 29 06 17 00	1013.33	
2025 01 29 06 18 00	1013.33	
2025 01 29 06 19 00	1013.34	
2025 01 29 06 20 00	1013.35	
2025 01 29 06 21 00	1013.35	
2025 01 29 06 22 00	1013.36	
2025 01 29 06 23 00	1013.39	
2025 01 29 06 24 00	1013.38	
2025 01 29 06 25 00	1013.40	
2025 01 29 06 26 00	1013.42	
2025 01 29 06 27 00	1013.43	
2025 01 29 06 28 00	1013.46	
2025 01 29 06 29 00	1013.48	
2025 01 29 06 30 00	1013.48	
2025 01 29 06 31 00	1013.50	
2025 01 29 06 32 00	1013.55	
2025 01 29 06 33 00	1013.56	
2025 01 29 06 34 00	1013.59	
2025 01 29 06 35 00	1013.61	
2025 01 29 06 36 00	1013.62	
2025 01 29 06 37 00	1013.65	
2025 01 29 06 38 00	1013.68	
2025 01 29 06 39 00	1013.70	
2025 01 29 06 40 00	1013.71	
2025 01 29 06 41 00	1013.73	
2025 01 29 06 42 00	1013.72	
2025 01 29 06 43 00	1013.71	
2025 01 29 06 44 00	1013.70	
2025 01 29 06 45 00	1013.67	
2025 01 29 06 46 00	1013.65	
2025 01 29 06 47 00	1013.65	
2025 01 29 06 48 00	1013.66	
2025 01 29 06 49 00	1013.66	
2025 01 29 06 50 00	1013.69	
2025 01 29 06 51 00	1013.69	
2025 01 29 06 52 00	1013.70	
2025 01 29 06 53 00	1013.71	
2025 01 29 06 54 00	1013.77	
2025 01 29 06 55 00	1013.79	
2025 01 29 06 56 00	1013.82	
2025 01 29 06 57 00	1013.84	
2025 01 29 06 58 00	1013.86	
2025 01 29 06 59 00	1013.87	
2025 01 29 07 00 00	1013.89	
