2025 02 09 07 01 00	1028.16	
2025 02 09 07 02 00	1028.18	
2025 02 09 07 03 00	1028.17	
2025 02 09 07 04 00	1028.18	
2025 02 09 07 05 00	1028.19	
2025 02 09 07 06 00	1028.21	
2025 02 09 07 07 00	1028.22	
2025 02 09 07 08 00	1028.21	
2025 02 09 07 09 00	1028.23	
2025 02 09 07 10 00	1028.22	
2025 02 09 07 11 00	1028.24	
2025 02 09 07 12 00	1028.24	
2025 02 09 07 13 00	1028.24	
2025 02 09 07 14 00	1028.25	
2025 02 09 07 15 00	1028.26	
2025 02 09 07 16 00	1028.26	
2025 02 09 07 17 00	1028.27	
2025 02 09 07 18 00	1028.27	
2025 02 09 07 19 00	1028.27	
2025 02 09 07 20 00	1028.26	
2025 02 09 07 21 00	1028.28	
2025 02 09 07 22 00	1028.28	
2025 02 09 07 23 00	1028.28	
2025 02 09 07 24 00	1028.29	
2025 02 09 07 25 00	1028.30	
2025 02 09 07 26 00	1028.30	
2025 02 09 07 27 00	1028.31	
2025 02 09 07 28 00	1028.33	
2025 02 09 07 29 00	1028.30	
2025 02 09 07 30 00	1028.32	
2025 02 09 07 31 00	1028.33	
2025 02 09 07 32 00	1028.32	
2025 02 09 07 33 00	1028.31	
2025 02 09 07 34 00	1028.32	
2025 02 09 07 35 00	1028.32	
2025 02 09 07 36 00	1028.30	
2025 02 09 07 37 00	1028.30	
2025 02 09 07 38 00	1028.32	
2025 02 09 07 39 00	1028.31	
2025 02 09 07 40 00	1028.33	
2025 02 09 07 41 00	1028.30	
2025 02 09 07 42 00	1028.32	
2025 02 09 07 43 00	1028.30	
2025 02 09 07 44 00	1028.32	
2025 02 09 07 45 00	1028.31	
2025 02 09 07 46 00	1028.30	
2025 02 09 07 47 00	1028.33	
2025 02 09 07 48 00	1028.30	
2025 02 09 07 49 00	1028.30	
2025 02 09 07 50 00	1028.30	
2025 02 09 07 51 00	1028.29	
2025 02 09 07 52 00	1028.29	
2025 02 09 07 53 00	1028.28	
2025 02 09 07 54 00	1028.29	
2025 02 09 07 55 00	1028.24	
2025 02 09 07 56 00	1028.24	
2025 02 09 07 57 00	1028.26	
2025 02 09 07 58 00	1028.24	
2025 02 09 07 59 00	1028.28	
2025 02 09 08 00 00	1028.28	
2025 02 09 08 01 00	1028.27	
2025 02 09 08 02 00	1028.28	
2025 02 09 08 03 00	1028.29	
2025 02 09 08 04 00	1028.30	
2025 02 09 08 05 00	1028.31	
2025 02 09 08 06 00	1028.31	
2025 02 09 08 07 00	1028.30	
2025 02 09 08 08 00	1028.31	
2025 02 09 08 09 00	1028.30	
2025 02 09 08 10 00	1028.27	
2025 02 09 08 11 00	1028.30	
2025 02 09 08 12 00	1028.28	
2025 02 09 08 13 00	1028.30	
2025 02 09 08 14 00	1028.29	
2025 02 09 08 15 00	1028.30	
2025 02 09 08 16 00	1028.29	
2025 02 09 08 17 00	1028.31	
2025 02 09 08 18 00	1028.29	
2025 02 09 08 19 00	1028.31	
2025 02 09 08 20 00	1028.33	
2025 02 09 08 21 00	1028.33	
2025 02 09 08 22 00	1028.31	
2025 02 09 08 23 00	1028.32	
2025 02 09 08 24 00	1028.31	
2025 02 09 08 25 00	1028.30	
2025 02 09 08 26 00	1028.30	
2025 02 09 08 27 00	1028.31	
2025 02 09 08 28 00	1028.32	
2025 02 09 08 29 00	1028.32	
2025 02 09 08 30 00	1028.35	
2025 02 09 08 31 00	1028.32	
2025 02 09 08 32 00	1028.34	
2025 02 09 08 33 00	1028.34	
2025 02 09 08 34 00	1028.34	
2025 02 09 08 35 00	1028.34	
2025 02 09 08 36 00	1028.36	
2025 02 09 08 37 00	1028.36	
2025 02 09 08 38 00	1028.37	
2025 02 09 08 39 00	1028.38	
2025 02 09 08 40 00	1028.39	
2025 02 09 08 41 00	1028.40	
2025 02 09 08 42 00	1028.39	
2025 02 09 08 43 00	1028.40	
2025 02 09 08 44 00	1028.40	
2025 02 09 08 45 00	1028.40	
2025 02 09 08 46 00	1028.39	
2025 02 09 08 47 00	1028.38	
2025 02 09 08 48 00	1028.38	
2025 02 09 08 49 00	1028.39	
2025 02 09 08 50 00	1028.37	
2025 02 09 08 51 00	1028.38	
2025 02 09 08 52 00	1028.39	
2025 02 09 08 53 00	1028.40	
2025 02 09 08 54 00	1028.39	
2025 02 09 08 55 00	1028.40	
2025 02 09 08 56 00	1028.42	
2025 02 09 08 57 00	1028.44	
2025 02 09 08 58 00	1028.43	
2025 02 09 08 59 00	1028.46	
2025 02 09 09 00 00	1028.47	
2025 02 09 09 01 00	1028.46	
2025 02 09 09 02 00	1028.48	
2025 02 09 09 03 00	1028.49	
2025 02 09 09 04 00	1028.49	
2025 02 09 09 05 00	1028.48	
2025 02 09 09 06 00	1028.48	
2025 02 09 09 07 00	1028.48	
2025 02 09 09 08 00	1028.49	
2025 02 09 09 09 00	1028.48	
2025 02 09 09 10 00	1028.49	
2025 02 09 09 11 00	1028.48	
2025 02 09 09 12 00	1028.49	
2025 02 09 09 13 00	1028.52	
2025 02 09 09 14 00	1028.52	
2025 02 09 09 15 00	1028.54	
2025 02 09 09 16 00	1028.55	
2025 02 09 09 17 00	1028.54	
2025 02 09 09 18 00	1028.56	
2025 02 09 09 19 00	1028.54	
2025 02 09 09 20 00	1028.54	
2025 02 09 09 21 00	1028.52	
2025 02 09 09 22 00	1028.52	
2025 02 09 09 23 00	1028.51	
2025 02 09 09 24 00	1028.49	
2025 02 09 09 25 00	1028.51	
2025 02 09 09 26 00	1028.51	
2025 02 09 09 27 00	1028.52	
2025 02 09 09 28 00	1028.53	
2025 02 09 09 29 00	1028.52	
2025 02 09 09 30 00	1028.54	
2025 02 09 09 31 00	1028.53	
2025 02 09 09 32 00	1028.54	
2025 02 09 09 33 00	1028.55	
2025 02 09 09 34 00	1028.56	
2025 02 09 09 35 00	1028.58	
2025 02 09 09 36 00	1028.62	
2025 02 09 09 37 00	1028.61	
2025 02 09 09 38 00	1028.64	
2025 02 09 09 39 00	1028.64	
2025 02 09 09 40 00	1028.64	
2025 02 09 09 41 00	1028.64	
2025 02 09 09 42 00	1028.64	
2025 02 09 09 43 00	1028.64	
2025 02 09 09 44 00	1028.64	
2025 02 09 09 45 00	1028.62	
2025 02 09 09 46 00	1028.62	
2025 02 09 09 47 00	1028.64	
2025 02 09 09 48 00	1028.64	
2025 02 09 09 49 00	1028.64	
2025 02 09 09 50 00	1028.65	
2025 02 09 09 51 00	1028.64	
2025 02 09 09 52 00	1028.66	
2025 02 09 09 53 00	1028.68	
2025 02 09 09 54 00	1028.68	
2025 02 09 09 55 00	1028.69	
2025 02 09 09 56 00	1028.69	
2025 02 09 09 57 00	1028.69	
2025 02 09 09 58 00	1028.69	
2025 02 09 09 59 00	1028.69	
2025 02 09 10 00 00	1028.69	
2025 02 09 10 01 00	1028.69	
2025 02 09 10 02 00	1028.67	
2025 02 09 10 03 00	1028.68	
2025 02 09 10 04 00	1028.68	
2025 02 09 10 05 00	1028.67	
2025 02 09 10 06 00	1028.68	
2025 02 09 10 07 00	1028.66	
2025 02 09 10 08 00	1028.66	
2025 02 09 10 09 00	1028.64	
2025 02 09 10 10 00	1028.64	
2025 02 09 10 11 00	1028.62	
2025 02 09 10 12 00	1028.62	
2025 02 09 10 13 00	1028.62	
2025 02 09 10 14 00	1028.61	
2025 02 09 10 15 00	1028.61	
2025 02 09 10 16 00	1028.60	
2025 02 09 10 17 00	1028.60	
2025 02 09 10 18 00	1028.61	
2025 02 09 10 19 00	1028.60	
2025 02 09 10 20 00	1028.59	
2025 02 09 10 21 00	1028.57	
2025 02 09 10 22 00	1028.56	
2025 02 09 10 23 00	1028.56	
2025 02 09 10 24 00	1028.55	
2025 02 09 10 25 00	1028.53	
2025 02 09 10 26 00	1028.53	
2025 02 09 10 27 00	1028.53	
2025 02 09 10 28 00	1028.51	
2025 02 09 10 29 00	1028.49	
2025 02 09 10 30 00	1028.49	
2025 02 09 10 31 00	1028.48	
2025 02 09 10 32 00	1028.47	
2025 02 09 10 33 00	1028.46	
2025 02 09 10 34 00	1028.45	
2025 02 09 10 35 00	1028.45	
2025 02 09 10 36 00	1028.42	
2025 02 09 10 37 00	1028.43	
2025 02 09 10 38 00	1028.41	
2025 02 09 10 39 00	1028.43	
2025 02 09 10 40 00	1028.42	
2025 02 09 10 41 00	1028.41	
2025 02 09 10 42 00	1028.39	
2025 02 09 10 43 00	1028.38	
2025 02 09 10 44 00	1028.37	
2025 02 09 10 45 00	1028.34	
2025 02 09 10 46 00	1028.35	
2025 02 09 10 47 00	1028.32	
2025 02 09 10 48 00	1028.34	
2025 02 09 10 49 00	1028.33	
2025 02 09 10 50 00	1028.31	
2025 02 09 10 51 00	1028.30	
2025 02 09 10 52 00	1028.32	
2025 02 09 10 53 00	1028.34	
2025 02 09 10 54 00	1028.34	
2025 02 09 10 55 00	1028.35	
2025 02 09 10 56 00	1028.34	
2025 02 09 10 57 00	1028.35	
2025 02 09 10 58 00	1028.36	
2025 02 09 10 59 00	1028.35	
2025 02 09 11 00 00	1028.35	
2025 02 09 11 01 00	1028.35	
2025 02 09 11 02 00	1028.32	
2025 02 09 11 03 00	1028.31	
2025 02 09 11 04 00	1028.31	
2025 02 09 11 05 00	1028.29	
2025 02 09 11 06 00	1028.29	
2025 02 09 11 07 00	1028.27	
2025 02 09 11 08 00	1028.27	
2025 02 09 11 09 00	1028.26	
2025 02 09 11 10 00	1028.27	
2025 02 09 11 11 00	1028.26	
2025 02 09 11 12 00	1028.26	
2025 02 09 11 13 00	1028.26	
2025 02 09 11 14 00	1028.26	
2025 02 09 11 15 00	1028.26	
2025 02 09 11 16 00	1028.28	
2025 02 09 11 17 00	1028.25	
2025 02 09 11 18 00	1028.25	
2025 02 09 11 19 00	1028.23	
2025 02 09 11 20 00	1028.23	
2025 02 09 11 21 00	1028.23	
2025 02 09 11 22 00	1028.23	
2025 02 09 11 23 00	1028.21	
2025 02 09 11 24 00	1028.22	
2025 02 09 11 25 00	1028.22	
2025 02 09 11 26 00	1028.19	
2025 02 09 11 27 00	1028.17	
2025 02 09 11 28 00	1028.17	
2025 02 09 11 29 00	1028.17	
2025 02 09 11 30 00	1028.15	
2025 02 09 11 31 00	1028.14	
2025 02 09 11 32 00	1028.13	
2025 02 09 11 33 00	1028.11	
2025 02 09 11 34 00	1028.09	
2025 02 09 11 35 00	1028.07	
2025 02 09 11 36 00	1028.04	
2025 02 09 11 37 00	1028.05	
2025 02 09 11 38 00	1028.02	
2025 02 09 11 39 00	1028.00	
2025 02 09 11 40 00	1027.99	
2025 02 09 11 41 00	1027.99	
2025 02 09 11 42 00	1027.97	
2025 02 09 11 43 00	1027.96	
2025 02 09 11 44 00	1027.96	
2025 02 09 11 45 00	1027.95	
2025 02 09 11 46 00	1027.95	
2025 02 09 11 47 00	1027.93	
2025 02 09 11 48 00	1027.92	
2025 02 09 11 49 00	1027.90	
2025 02 09 11 50 00	1027.89	
2025 02 09 11 51 00	1027.87	
2025 02 09 11 52 00	1027.88	
2025 02 09 11 53 00	1027.86	
2025 02 09 11 54 00	1027.84	
2025 02 09 11 55 00	1027.84	
2025 02 09 11 56 00	1027.82	
2025 02 09 11 57 00	1027.79	
2025 02 09 11 58 00	1027.77	
2025 02 09 11 59 00	1027.77	
2025 02 09 12 00 00	1027.75	
2025 02 09 12 01 00	1027.74	
2025 02 09 12 02 00	1027.74	
2025 02 09 12 03 00	1027.77	
2025 02 09 12 04 00	1027.75	
2025 02 09 12 05 00	1027.75	
2025 02 09 12 06 00	1027.74	
2025 02 09 12 07 00	1027.74	
2025 02 09 12 08 00	1027.73	
2025 02 09 12 09 00	1027.71	
2025 02 09 12 10 00	1027.73	
2025 02 09 12 11 00	1027.70	
2025 02 09 12 12 00	1027.70	
2025 02 09 12 13 00	1027.69	
2025 02 09 12 14 00	1027.67	
2025 02 09 12 15 00	1027.65	
2025 02 09 12 16 00	1027.65	
2025 02 09 12 17 00	1027.61	
2025 02 09 12 18 00	1027.60	
2025 02 09 12 19 00	1027.58	
2025 02 09 12 20 00	1027.56	
2025 02 09 12 21 00	1027.55	
2025 02 09 12 22 00	1027.55	
2025 02 09 12 23 00	1027.52	
2025 02 09 12 24 00	1027.53	
2025 02 09 12 25 00	1027.50	
2025 02 09 12 26 00	1027.50	
2025 02 09 12 27 00	1027.52	
2025 02 09 12 28 00	1027.53	
2025 02 09 12 29 00	1027.53	
2025 02 09 12 30 00	1027.51	
2025 02 09 12 31 00	1027.52	
2025 02 09 12 32 00	1027.49	
2025 02 09 12 33 00	1027.48	
2025 02 09 12 34 00	1027.49	
2025 02 09 12 35 00	1027.49	
2025 02 09 12 36 00	1027.46	
2025 02 09 12 37 00	1027.45	
2025 02 09 12 38 00	1027.44	
2025 02 09 12 39 00	1027.42	
2025 02 09 12 40 00	1027.42	
2025 02 09 12 41 00	1027.40	
2025 02 09 12 42 00	1027.42	
2025 02 09 12 43 00	1027.41	
2025 02 09 12 44 00	1027.40	
2025 02 09 12 45 00	1027.40	
2025 02 09 12 46 00	1027.40	
2025 02 09 12 47 00	1027.39	
2025 02 09 12 48 00	1027.37	
2025 02 09 12 49 00	1027.36	
2025 02 09 12 50 00	1027.36	
2025 02 09 12 51 00	1027.34	
2025 02 09 12 52 00	1027.32	
2025 02 09 12 53 00	1027.30	
2025 02 09 12 54 00	1027.30	
2025 02 09 12 55 00	1027.31	
2025 02 09 12 56 00	1027.30	
2025 02 09 12 57 00	1027.30	
2025 02 09 12 58 00	1027.30	
2025 02 09 12 59 00	1027.28	
2025 02 09 13 00 00	1027.28	
2025 02 09 13 01 00	1027.28	
2025 02 09 13 02 00	1027.28	
2025 02 09 13 03 00	1027.27	
2025 02 09 13 04 00	1027.26	
2025 02 09 13 05 00	1027.25	
2025 02 09 13 06 00	1027.24	
2025 02 09 13 07 00	1027.25	
2025 02 09 13 08 00	1027.24	
2025 02 09 13 09 00	1027.25	
2025 02 09 13 10 00	1027.24	
2025 02 09 13 11 00	1027.25	
2025 02 09 13 12 00	1027.24	
2025 02 09 13 13 00	1027.26	
2025 02 09 13 14 00	1027.28	
2025 02 09 13 15 00	1027.28	
2025 02 09 13 16 00	1027.28	
2025 02 09 13 17 00	1027.27	
2025 02 09 13 18 00	1027.26	
2025 02 09 13 19 00	1027.26	
2025 02 09 13 20 00	1027.25	
2025 02 09 13 21 00	1027.25	
2025 02 09 13 22 00	1027.24	
2025 02 09 13 23 00	1027.22	
2025 02 09 13 24 00	1027.23	
2025 02 09 13 25 00	1027.24	
2025 02 09 13 26 00	1027.22	
2025 02 09 13 27 00	1027.22	
2025 02 09 13 28 00	1027.22	
2025 02 09 13 29 00	1027.22	
2025 02 09 13 30 00	1027.23	
2025 02 09 13 31 00	1027.24	
2025 02 09 13 32 00	1027.23	
2025 02 09 13 33 00	1027.20	
2025 02 09 13 34 00	1027.21	
2025 02 09 13 35 00	1027.21	
2025 02 09 13 36 00	1027.22	
2025 02 09 13 37 00	1027.21	
2025 02 09 13 38 00	1027.21	
2025 02 09 13 39 00	1027.21	
2025 02 09 13 40 00	1027.20	
2025 02 09 13 41 00	1027.20	
2025 02 09 13 42 00	1027.19	
2025 02 09 13 43 00	1027.18	
2025 02 09 13 44 00	1027.18	
2025 02 09 13 45 00	1027.18	
2025 02 09 13 46 00	1027.16	
2025 02 09 13 47 00	1027.17	
2025 02 09 13 48 00	1027.17	
2025 02 09 13 49 00	1027.16	
2025 02 09 13 50 00	1027.17	
2025 02 09 13 51 00	1027.16	
2025 02 09 13 52 00	1027.14	
2025 02 09 13 53 00	1027.15	
2025 02 09 13 54 00	1027.15	
2025 02 09 13 55 00	1027.14	
2025 02 09 13 56 00	1027.12	
2025 02 09 13 57 00	1027.11	
2025 02 09 13 58 00	1027.11	
2025 02 09 13 59 00	1027.12	
2025 02 09 14 00 00	1027.12	
2025 02 09 14 01 00	1027.09	
2025 02 09 14 02 00	1027.14	
2025 02 09 14 03 00	1027.10	
2025 02 09 14 04 00	1027.11	
2025 02 09 14 05 00	1027.10	
2025 02 09 14 06 00	1027.10	
2025 02 09 14 07 00	1027.10	
2025 02 09 14 08 00	1027.12	
2025 02 09 14 09 00	1027.12	
2025 02 09 14 10 00	1027.11	
2025 02 09 14 11 00	1027.11	
2025 02 09 14 12 00	1027.11	
2025 02 09 14 13 00	1027.12	
2025 02 09 14 14 00	1027.12	
2025 02 09 14 15 00	1027.13	
2025 02 09 14 16 00	1027.13	
2025 02 09 14 17 00	1027.14	
2025 02 09 14 18 00	1027.14	
2025 02 09 14 19 00	1027.15	
2025 02 09 14 20 00	1027.15	
2025 02 09 14 21 00	1027.15	
2025 02 09 14 22 00	1027.15	
2025 02 09 14 23 00	1027.15	
2025 02 09 14 24 00	1027.17	
2025 02 09 14 25 00	1027.17	
2025 02 09 14 26 00	1027.19	
2025 02 09 14 27 00	1027.18	
2025 02 09 14 28 00	1027.17	
2025 02 09 14 29 00	1027.17	
2025 02 09 14 30 00	1027.17	
2025 02 09 14 31 00	1027.17	
2025 02 09 14 32 00	1027.17	
2025 02 09 14 33 00	1027.16	
2025 02 09 14 34 00	1027.16	
2025 02 09 14 35 00	1027.17	
2025 02 09 14 36 00	1027.15	
2025 02 09 14 37 00	1027.16	
2025 02 09 14 38 00	1027.17	
2025 02 09 14 39 00	1027.16	
2025 02 09 14 40 00	1027.16	
2025 02 09 14 41 00	1027.16	
2025 02 09 14 42 00	1027.16	
2025 02 09 14 43 00	1027.15	
2025 02 09 14 44 00	1027.14	
2025 02 09 14 45 00	1027.14	
2025 02 09 14 46 00	1027.14	
2025 02 09 14 47 00	1027.13	
2025 02 09 14 48 00	1027.15	
2025 02 09 14 49 00	1027.14	
2025 02 09 14 50 00	1027.13	
2025 02 09 14 51 00	1027.13	
2025 02 09 14 52 00	1027.12	
2025 02 09 14 53 00	1027.13	
2025 02 09 14 54 00	1027.12	
2025 02 09 14 55 00	1027.11	
2025 02 09 14 56 00	1027.11	
2025 02 09 14 57 00	1027.13	
2025 02 09 14 58 00	1027.13	
2025 02 09 14 59 00	1027.14	
2025 02 09 15 00 00	1027.15	
2025 02 09 15 01 00	1027.14	
2025 02 09 15 02 00	1027.14	
2025 02 09 15 03 00	1027.13	
2025 02 09 15 04 00	1027.13	
2025 02 09 15 05 00	1027.12	
2025 02 09 15 06 00	1027.13	
2025 02 09 15 07 00	1027.10	
2025 02 09 15 08 00	1027.12	
2025 02 09 15 09 00	1027.12	
2025 02 09 15 10 00	1027.12	
2025 02 09 15 11 00	1027.14	
2025 02 09 15 12 00	1027.12	
2025 02 09 15 13 00	1027.11	
2025 02 09 15 14 00	1027.12	
2025 02 09 15 15 00	1027.12	
2025 02 09 15 16 00	1027.11	
2025 02 09 15 17 00	1027.11	
2025 02 09 15 18 00	1027.12	
2025 02 09 15 19 00	1027.14	
2025 02 09 15 20 00	1027.15	
2025 02 09 15 21 00	1027.14	
2025 02 09 15 22 00	1027.16	
2025 02 09 15 23 00	1027.13	
2025 02 09 15 24 00	1027.13	
2025 02 09 15 25 00	1027.11	
2025 02 09 15 26 00	1027.10	
2025 02 09 15 27 00	1027.09	
2025 02 09 15 28 00	1027.08	
2025 02 09 15 29 00	1027.07	
2025 02 09 15 30 00	1027.08	
2025 02 09 15 31 00	1027.05	
2025 02 09 15 32 00	1027.05	
2025 02 09 15 33 00	1027.05	
2025 02 09 15 34 00	1027.03	
2025 02 09 15 35 00	1027.03	
2025 02 09 15 36 00	1027.04	
2025 02 09 15 37 00	1027.03	
2025 02 09 15 38 00	1027.02	
2025 02 09 15 39 00	1027.02	
2025 02 09 15 40 00	1027.03	
2025 02 09 15 41 00	1027.04	
2025 02 09 15 42 00	1027.04	
2025 02 09 15 43 00	1027.04	
2025 02 09 15 44 00	1027.05	
2025 02 09 15 45 00	1027.05	
2025 02 09 15 46 00	1027.05	
2025 02 09 15 47 00	1027.04	
2025 02 09 15 48 00	1027.07	
2025 02 09 15 49 00	1027.08	
2025 02 09 15 50 00	1027.05	
2025 02 09 15 51 00	1027.07	
2025 02 09 15 52 00	1027.08	
2025 02 09 15 53 00	1027.06	
2025 02 09 15 54 00	1027.08	
2025 02 09 15 55 00	1027.10	
2025 02 09 15 56 00	1027.09	
2025 02 09 15 57 00	1027.09	
2025 02 09 15 58 00	1027.09	
2025 02 09 15 59 00	1027.09	
2025 02 09 16 00 00	1027.09	
2025 02 09 16 01 00	1027.09	
2025 02 09 16 02 00	1027.11	
2025 02 09 16 03 00	1027.10	
2025 02 09 16 04 00	1027.09	
2025 02 09 16 05 00	1027.11	
2025 02 09 16 06 00	1027.12	
2025 02 09 16 07 00	1027.13	
2025 02 09 16 08 00	1027.14	
2025 02 09 16 09 00	1027.15	
2025 02 09 16 10 00	1027.16	
2025 02 09 16 11 00	1027.14	
2025 02 09 16 12 00	1027.15	
2025 02 09 16 13 00	1027.14	
2025 02 09 16 14 00	1027.15	
2025 02 09 16 15 00	1027.15	
2025 02 09 16 16 00	1027.15	
2025 02 09 16 17 00	1027.16	
2025 02 09 16 18 00	1027.15	
2025 02 09 16 19 00	1027.16	
2025 02 09 16 20 00	1027.16	
2025 02 09 16 21 00	1027.18	
2025 02 09 16 22 00	1027.19	
2025 02 09 16 23 00	1027.19	
2025 02 09 16 24 00	1027.20	
2025 02 09 16 25 00	1027.21	
2025 02 09 16 26 00	1027.22	
2025 02 09 16 27 00	1027.21	
2025 02 09 16 28 00	1027.21	
2025 02 09 16 29 00	1027.21	
2025 02 09 16 30 00	1027.21	
2025 02 09 16 31 00	1027.22	
2025 02 09 16 32 00	1027.23	
2025 02 09 16 33 00	1027.24	
2025 02 09 16 34 00	1027.24	
2025 02 09 16 35 00	1027.24	
2025 02 09 16 36 00	1027.24	
2025 02 09 16 37 00	1027.24	
2025 02 09 16 38 00	1027.25	
2025 02 09 16 39 00	1027.23	
2025 02 09 16 40 00	1027.23	
2025 02 09 16 41 00	1027.25	
2025 02 09 16 42 00	1027.26	
2025 02 09 16 43 00	1027.24	
2025 02 09 16 44 00	1027.23	
2025 02 09 16 45 00	1027.24	
2025 02 09 16 46 00	1027.22	
2025 02 09 16 47 00	1027.23	
2025 02 09 16 48 00	1027.23	
2025 02 09 16 49 00	1027.23	
2025 02 09 16 50 00	1027.22	
2025 02 09 16 51 00	1027.21	
2025 02 09 16 52 00	1027.22	
2025 02 09 16 53 00	1027.21	
2025 02 09 16 54 00	1027.19	
2025 02 09 16 55 00	1027.21	
2025 02 09 16 56 00	1027.21	
2025 02 09 16 57 00	1027.21	
2025 02 09 16 58 00	1027.21	
2025 02 09 16 59 00	1027.20	
2025 02 09 17 00 00	1027.21	
2025 02 09 17 01 00	1027.20	
2025 02 09 17 02 00	1027.20	
2025 02 09 17 03 00	1027.20	
2025 02 09 17 04 00	1027.23	
2025 02 09 17 05 00	1027.23	
2025 02 09 17 06 00	1027.23	
2025 02 09 17 07 00	1027.23	
2025 02 09 17 08 00	1027.22	
2025 02 09 17 09 00	1027.22	
2025 02 09 17 10 00	1027.20	
2025 02 09 17 11 00	1027.20	
2025 02 09 17 12 00	1027.20	
2025 02 09 17 13 00	1027.18	
2025 02 09 17 14 00	1027.17	
2025 02 09 17 15 00	1027.17	
2025 02 09 17 16 00	1027.17	
2025 02 09 17 17 00	1027.17	
2025 02 09 17 18 00	1027.17	
2025 02 09 17 19 00	1027.17	
2025 02 09 17 20 00	1027.19	
2025 02 09 17 21 00	1027.17	
2025 02 09 17 22 00	1027.21	
2025 02 09 17 23 00	1027.21	
2025 02 09 17 24 00	1027.20	
2025 02 09 17 25 00	1027.23	
2025 02 09 17 26 00	1027.22	
2025 02 09 17 27 00	1027.21	
2025 02 09 17 28 00	1027.22	
2025 02 09 17 29 00	1027.21	
2025 02 09 17 30 00	1027.23	
2025 02 09 17 31 00	1027.21	
2025 02 09 17 32 00	1027.22	
2025 02 09 17 33 00	1027.20	
2025 02 09 17 34 00	1027.20	
2025 02 09 17 35 00	1027.21	
2025 02 09 17 36 00	1027.20	
2025 02 09 17 37 00	1027.18	
2025 02 09 17 38 00	1027.21	
2025 02 09 17 39 00	1027.21	
2025 02 09 17 40 00	1027.22	
2025 02 09 17 41 00	1027.23	
2025 02 09 17 42 00	1027.22	
2025 02 09 17 43 00	1027.24	
2025 02 09 17 44 00	1027.24	
2025 02 09 17 45 00	1027.24	
2025 02 09 17 46 00	1027.26	
2025 02 09 17 47 00	1027.25	
2025 02 09 17 48 00	1027.25	
2025 02 09 17 49 00	1027.25	
2025 02 09 17 50 00	1027.25	
2025 02 09 17 51 00	1027.25	
2025 02 09 17 52 00	1027.25	
2025 02 09 17 53 00	1027.25	
2025 02 09 17 54 00	1027.24	
2025 02 09 17 55 00	1027.26	
2025 02 09 17 56 00	1027.23	
2025 02 09 17 57 00	1027.24	
2025 02 09 17 58 00	1027.25	
2025 02 09 17 59 00	1027.24	
2025 02 09 18 00 00	1027.24	
2025 02 09 18 01 00	1027.24	
2025 02 09 18 02 00	1027.25	
2025 02 09 18 03 00	1027.25	
2025 02 09 18 04 00	1027.25	
2025 02 09 18 05 00	1027.27	
2025 02 09 18 06 00	1027.28	
2025 02 09 18 07 00	1027.26	
2025 02 09 18 08 00	1027.26	
2025 02 09 18 09 00	1027.26	
2025 02 09 18 10 00	1027.29	
2025 02 09 18 11 00	1027.30	
2025 02 09 18 12 00	1027.29	
2025 02 09 18 13 00	1027.28	
2025 02 09 18 14 00	1027.29	
2025 02 09 18 15 00	1027.29	
2025 02 09 18 16 00	1027.30	
2025 02 09 18 17 00	1027.29	
2025 02 09 18 18 00	1027.30	
2025 02 09 18 19 00	1027.31	
2025 02 09 18 20 00	1027.31	
2025 02 09 18 21 00	1027.33	
2025 02 09 18 22 00	1027.34	
2025 02 09 18 23 00	1027.33	
2025 02 09 18 24 00	1027.33	
2025 02 09 18 25 00	1027.32	
2025 02 09 18 26 00	1027.32	
2025 02 09 18 27 00	1027.31	
2025 02 09 18 28 00	1027.31	
2025 02 09 18 29 00	1027.29	
2025 02 09 18 30 00	1027.29	
2025 02 09 18 31 00	1027.29	
2025 02 09 18 32 00	1027.29	
2025 02 09 18 33 00	1027.30	
2025 02 09 18 34 00	1027.30	
2025 02 09 18 35 00	1027.32	
2025 02 09 18 36 00	1027.32	
2025 02 09 18 37 00	1027.33	
2025 02 09 18 38 00	1027.32	
2025 02 09 18 39 00	1027.33	
2025 02 09 18 40 00	1027.31	
2025 02 09 18 41 00	1027.33	
2025 02 09 18 42 00	1027.33	
2025 02 09 18 43 00	1027.31	
2025 02 09 18 44 00	1027.31	
2025 02 09 18 45 00	1027.32	
2025 02 09 18 46 00	1027.31	
2025 02 09 18 47 00	1027.29	
2025 02 09 18 48 00	1027.28	
2025 02 09 18 49 00	1027.27	
2025 02 09 18 50 00	1027.23	
2025 02 09 18 51 00	1027.23	
2025 02 09 18 52 00	1027.22	
2025 02 09 18 53 00	1027.24	
2025 02 09 18 54 00	1027.24	
2025 02 09 18 55 00	1027.25	
2025 02 09 18 56 00	1027.25	
2025 02 09 18 57 00	1027.26	
2025 02 09 18 58 00	1027.27	
2025 02 09 18 59 00	1027.28	
2025 02 09 19 00 00	1027.28	
2025 02 09 19 01 00	1027.29	
2025 02 09 19 02 00	1027.28	
2025 02 09 19 03 00	1027.26	
2025 02 09 19 04 00	1027.26	
2025 02 09 19 05 00	1027.25	
2025 02 09 19 06 00	1027.24	
2025 02 09 19 07 00	1027.23	
2025 02 09 19 08 00	1027.21	
2025 02 09 19 09 00	1027.21	
2025 02 09 19 10 00	1027.20	
2025 02 09 19 11 00	1027.21	
2025 02 09 19 12 00	1027.19	
2025 02 09 19 13 00	1027.17	
2025 02 09 19 14 00	1027.17	
2025 02 09 19 15 00	1027.17	
2025 02 09 19 16 00	1027.16	
2025 02 09 19 17 00	1027.17	
2025 02 09 19 18 00	1027.17	
2025 02 09 19 19 00	1027.18	
2025 02 09 19 20 00	1027.19	
2025 02 09 19 21 00	1027.17	
2025 02 09 19 22 00	1027.19	
2025 02 09 19 23 00	1027.19	
2025 02 09 19 24 00	1027.18	
2025 02 09 19 25 00	1027.18	
2025 02 09 19 26 00	1027.19	
2025 02 09 19 27 00	1027.17	
2025 02 09 19 28 00	1027.17	
2025 02 09 19 29 00	1027.18	
2025 02 09 19 30 00	1027.17	
2025 02 09 19 31 00	1027.18	
2025 02 09 19 32 00	1027.17	
2025 02 09 19 33 00	1027.17	
2025 02 09 19 34 00	1027.19	
2025 02 09 19 35 00	1027.19	
2025 02 09 19 36 00	1027.17	
2025 02 09 19 37 00	1027.16	
2025 02 09 19 38 00	1027.17	
2025 02 09 19 39 00	1027.17	
2025 02 09 19 40 00	1027.16	
2025 02 09 19 41 00	1027.14	
2025 02 09 19 42 00	1027.14	
2025 02 09 19 43 00	1027.14	
2025 02 09 19 44 00	1027.13	
2025 02 09 19 45 00	1027.10	
2025 02 09 19 46 00	1027.13	
2025 02 09 19 47 00	1027.09	
2025 02 09 19 48 00	1027.07	
2025 02 09 19 49 00	1027.07	
2025 02 09 19 50 00	1027.07	
2025 02 09 19 51 00	1027.07	
2025 02 09 19 52 00	1027.06	
2025 02 09 19 53 00	1027.07	
2025 02 09 19 54 00	1027.10	
2025 02 09 19 55 00	1027.08	
2025 02 09 19 56 00	1027.09	
2025 02 09 19 57 00	1027.07	
2025 02 09 19 58 00	1027.08	
2025 02 09 19 59 00	1027.07	
2025 02 09 20 00 00	1027.06	
2025 02 09 20 01 00	1027.06	
2025 02 09 20 02 00	1027.07	
2025 02 09 20 03 00	1027.06	
2025 02 09 20 04 00	1027.05	
2025 02 09 20 05 00	1027.05	
2025 02 09 20 06 00	1027.05	
2025 02 09 20 07 00	1027.05	
2025 02 09 20 08 00	1027.06	
2025 02 09 20 09 00	1027.07	
2025 02 09 20 10 00	1027.06	
2025 02 09 20 11 00	1027.07	
2025 02 09 20 12 00	1027.06	
2025 02 09 20 13 00	1027.09	
2025 02 09 20 14 00	1027.06	
2025 02 09 20 15 00	1027.08	
2025 02 09 20 16 00	1027.07	
2025 02 09 20 17 00	1027.06	
2025 02 09 20 18 00	1027.06	
2025 02 09 20 19 00	1027.04	
2025 02 09 20 20 00	1027.04	
2025 02 09 20 21 00	1027.02	
2025 02 09 20 22 00	1027.02	
2025 02 09 20 23 00	1027.03	
2025 02 09 20 24 00	1027.02	
2025 02 09 20 25 00	1027.02	
2025 02 09 20 26 00	1027.02	
2025 02 09 20 27 00	1027.03	
2025 02 09 20 28 00	1027.04	
2025 02 09 20 29 00	1027.04	
2025 02 09 20 30 00	1027.04	
2025 02 09 20 31 00	1027.05	
2025 02 09 20 32 00	1027.05	
2025 02 09 20 33 00	1027.08	
2025 02 09 20 34 00	1027.09	
2025 02 09 20 35 00	1027.10	
2025 02 09 20 36 00	1027.11	
2025 02 09 20 37 00	1027.11	
2025 02 09 20 38 00	1027.13	
2025 02 09 20 39 00	1027.14	
2025 02 09 20 40 00	1027.13	
2025 02 09 20 41 00	1027.14	
2025 02 09 20 42 00	1027.12	
2025 02 09 20 43 00	1027.13	
2025 02 09 20 44 00	1027.15	
2025 02 09 20 45 00	1027.15	
2025 02 09 20 46 00	1027.15	
2025 02 09 20 47 00	1027.12	
2025 02 09 20 48 00	1027.14	
2025 02 09 20 49 00	1027.12	
2025 02 09 20 50 00	1027.12	
2025 02 09 20 51 00	1027.13	
2025 02 09 20 52 00	1027.14	
2025 02 09 20 53 00	1027.11	
2025 02 09 20 54 00	1027.11	
2025 02 09 20 55 00	1027.11	
2025 02 09 20 56 00	1027.12	
2025 02 09 20 57 00	1027.11	
2025 02 09 20 58 00	1027.12	
2025 02 09 20 59 00	1027.12	
2025 02 09 21 00 00	1027.12	
2025 02 09 21 01 00	1027.11	
2025 02 09 21 02 00	1027.11	
2025 02 09 21 03 00	1027.09	
2025 02 09 21 04 00	1027.08	
2025 02 09 21 05 00	1027.07	
2025 02 09 21 06 00	1027.04	
2025 02 09 21 07 00	1027.05	
2025 02 09 21 08 00	1027.04	
2025 02 09 21 09 00	1027.04	
2025 02 09 21 10 00	1027.04	
2025 02 09 21 11 00	1027.03	
2025 02 09 21 12 00	1027.00	
2025 02 09 21 13 00	1027.01	
2025 02 09 21 14 00	1027.00	
2025 02 09 21 15 00	1027.00	
2025 02 09 21 16 00	1026.98	
2025 02 09 21 17 00	1026.98	
2025 02 09 21 18 00	1026.96	
2025 02 09 21 19 00	1026.94	
2025 02 09 21 20 00	1026.92	
2025 02 09 21 21 00	1026.92	
2025 02 09 21 22 00	1026.91	
2025 02 09 21 23 00	1026.91	
2025 02 09 21 24 00	1026.89	
2025 02 09 21 25 00	1026.89	
2025 02 09 21 26 00	1026.89	
2025 02 09 21 27 00	1026.88	
2025 02 09 21 28 00	1026.86	
2025 02 09 21 29 00	1026.86	
2025 02 09 21 30 00	1026.86	
2025 02 09 21 31 00	1026.85	
2025 02 09 21 32 00	1026.84	
2025 02 09 21 33 00	1026.83	
2025 02 09 21 34 00	1026.84	
2025 02 09 21 35 00	1026.84	
2025 02 09 21 36 00	1026.82	
2025 02 09 21 37 00	1026.83	
2025 02 09 21 38 00	1026.80	
2025 02 09 21 39 00	1026.79	
2025 02 09 21 40 00	1026.78	
2025 02 09 21 41 00	1026.78	
2025 02 09 21 42 00	1026.78	
2025 02 09 21 43 00	1026.79	
2025 02 09 21 44 00	1026.81	
2025 02 09 21 45 00	1026.80	
2025 02 09 21 46 00	1026.79	
2025 02 09 21 47 00	1026.78	
2025 02 09 21 48 00	1026.76	
2025 02 09 21 49 00	1026.75	
2025 02 09 21 50 00	1026.74	
2025 02 09 21 51 00	1026.74	
2025 02 09 21 52 00	1026.73	
2025 02 09 21 53 00	1026.75	
2025 02 09 21 54 00	1026.74	
2025 02 09 21 55 00	1026.75	
2025 02 09 21 56 00	1026.75	
2025 02 09 21 57 00	1026.72	
2025 02 09 21 58 00	1026.73	
2025 02 09 21 59 00	1026.72	
2025 02 09 22 00 00	1026.70	
2025 02 09 22 01 00	1026.69	
2025 02 09 22 02 00	1026.68	
2025 02 09 22 03 00	1026.67	
2025 02 09 22 04 00	1026.67	
2025 02 09 22 05 00	1026.67	
2025 02 09 22 06 00	1026.65	
2025 02 09 22 07 00	1026.64	
2025 02 09 22 08 00	1026.64	
2025 02 09 22 09 00	1026.65	
2025 02 09 22 10 00	1026.63	
2025 02 09 22 11 00	1026.63	
2025 02 09 22 12 00	1026.63	
2025 02 09 22 13 00	1026.61	
2025 02 09 22 14 00	1026.62	
2025 02 09 22 15 00	1026.59	
2025 02 09 22 16 00	1026.60	
2025 02 09 22 17 00	1026.57	
2025 02 09 22 18 00	1026.57	
2025 02 09 22 19 00	1026.57	
2025 02 09 22 20 00	1026.58	
2025 02 09 22 21 00	1026.58	
2025 02 09 22 22 00	1026.59	
2025 02 09 22 23 00	1026.58	
2025 02 09 22 24 00	1026.59	
2025 02 09 22 25 00	1026.59	
2025 02 09 22 26 00	1026.60	
2025 02 09 22 27 00	1026.59	
2025 02 09 22 28 00	1026.59	
2025 02 09 22 29 00	1026.58	
2025 02 09 22 30 00	1026.57	
2025 02 09 22 31 00	1026.59	
2025 02 09 22 32 00	1026.59	
2025 02 09 22 33 00	1026.59	
2025 02 09 22 34 00	1026.60	
2025 02 09 22 35 00	1026.62	
2025 02 09 22 36 00	1026.62	
2025 02 09 22 37 00	1026.60	
2025 02 09 22 38 00	1026.59	
2025 02 09 22 39 00	1026.60	
2025 02 09 22 40 00	1026.57	
2025 02 09 22 41 00	1026.58	
2025 02 09 22 42 00	1026.58	
2025 02 09 22 43 00	1026.56	
2025 02 09 22 44 00	1026.54	
2025 02 09 22 45 00	1026.54	
2025 02 09 22 46 00	1026.54	
2025 02 09 22 47 00	1026.54	
2025 02 09 22 48 00	1026.53	
2025 02 09 22 49 00	1026.51	
2025 02 09 22 50 00	1026.52	
2025 02 09 22 51 00	1026.52	
2025 02 09 22 52 00	1026.52	
2025 02 09 22 53 00	1026.54	
2025 02 09 22 54 00	1026.54	
2025 02 09 22 55 00	1026.55	
2025 02 09 22 56 00	1026.53	
2025 02 09 22 57 00	1026.55	
2025 02 09 22 58 00	1026.54	
2025 02 09 22 59 00	1026.53	
2025 02 09 23 00 00	1026.51	
2025 02 09 23 01 00	1026.50	
2025 02 09 23 02 00	1026.48	
2025 02 09 23 03 00	1026.48	
2025 02 09 23 04 00	1026.48	
2025 02 09 23 05 00	1026.47	
2025 02 09 23 06 00	1026.44	
2025 02 09 23 07 00	1026.43	
2025 02 09 23 08 00	1026.43	
2025 02 09 23 09 00	1026.41	
2025 02 09 23 10 00	1026.42	
2025 02 09 23 11 00	1026.40	
2025 02 09 23 12 00	1026.39	
2025 02 09 23 13 00	1026.40	
2025 02 09 23 14 00	1026.39	
2025 02 09 23 15 00	1026.38	
2025 02 09 23 16 00	1026.39	
2025 02 09 23 17 00	1026.37	
2025 02 09 23 18 00	1026.36	
2025 02 09 23 19 00	1026.36	
2025 02 09 23 20 00	1026.35	
2025 02 09 23 21 00	1026.35	
2025 02 09 23 22 00	1026.33	
2025 02 09 23 23 00	1026.33	
2025 02 09 23 24 00	1026.32	
2025 02 09 23 25 00	1026.32	
2025 02 09 23 26 00	1026.31	
2025 02 09 23 27 00	1026.31	
2025 02 09 23 28 00	1026.32	
2025 02 09 23 29 00	1026.31	
2025 02 09 23 30 00	1026.30	
2025 02 09 23 31 00	1026.30	
2025 02 09 23 32 00	1026.29	
2025 02 09 23 33 00	1026.29	
2025 02 09 23 34 00	1026.26	
2025 02 09 23 35 00	1026.28	
2025 02 09 23 36 00	1026.29	
2025 02 09 23 37 00	1026.28	
2025 02 09 23 38 00	1026.30	
2025 02 09 23 39 00	1026.30	
2025 02 09 23 40 00	1026.31	
2025 02 09 23 41 00	1026.32	
2025 02 09 23 42 00	1026.33	
2025 02 09 23 43 00	1026.34	
2025 02 09 23 44 00	1026.34	
2025 02 09 23 45 00	1026.34	
2025 02 09 23 46 00	1026.36	
2025 02 09 23 47 00	1026.34	
2025 02 09 23 48 00	1026.36	
2025 02 09 23 49 00	1026.37	
2025 02 09 23 50 00	1026.36	
2025 02 09 23 51 00	1026.34	
2025 02 09 23 52 00	1026.35	
2025 02 09 23 53 00	1026.34	
2025 02 09 23 54 00	1026.33	
2025 02 09 23 55 00	1026.32	
2025 02 09 23 56 00	1026.34	
2025 02 09 23 57 00	1026.33	
2025 02 09 23 58 00	1026.34	
2025 02 09 23 59 00	1026.33	
2025 02 10 00 00 00	1026.33	
2025 02 10 00 01 00	1026.33	
2025 02 10 00 02 00	1026.33	
2025 02 10 00 03 00	1026.33	
2025 02 10 00 04 00	1026.32	
2025 02 10 00 05 00	1026.34	
2025 02 10 00 06 00	1026.33	
2025 02 10 00 07 00	1026.33	
2025 02 10 00 08 00	1026.32	
2025 02 10 00 09 00	1026.32	
2025 02 10 00 10 00	1026.33	
2025 02 10 00 11 00	1026.32	
2025 02 10 00 12 00	1026.35	
2025 02 10 00 13 00	1026.35	
2025 02 10 00 14 00	1026.36	
2025 02 10 00 15 00	1026.36	
2025 02 10 00 16 00	1026.37	
2025 02 10 00 17 00	1026.38	
2025 02 10 00 18 00	1026.37	
2025 02 10 00 19 00	1026.36	
2025 02 10 00 20 00	1026.36	
2025 02 10 00 21 00	1026.35	
2025 02 10 00 22 00	1026.34	
2025 02 10 00 23 00	1026.33	
2025 02 10 00 24 00	1026.31	
2025 02 10 00 25 00	1026.28	
2025 02 10 00 26 00	1026.29	
2025 02 10 00 27 00	1026.27	
2025 02 10 00 28 00	1026.28	
2025 02 10 00 29 00	1026.27	
2025 02 10 00 30 00	1026.27	
2025 02 10 00 31 00	1026.25	
2025 02 10 00 32 00	1026.25	
2025 02 10 00 33 00	1026.25	
2025 02 10 00 34 00	1026.24	
2025 02 10 00 35 00	1026.21	
2025 02 10 00 36 00	1026.21	
2025 02 10 00 37 00	1026.20	
2025 02 10 00 38 00	1026.18	
2025 02 10 00 39 00	1026.17	
2025 02 10 00 40 00	1026.16	
2025 02 10 00 41 00	1026.14	
2025 02 10 00 42 00	1026.13	
2025 02 10 00 43 00	1026.12	
2025 02 10 00 44 00	1026.11	
2025 02 10 00 45 00	1026.12	
2025 02 10 00 46 00	1026.11	
2025 02 10 00 47 00	1026.09	
2025 02 10 00 48 00	1026.11	
2025 02 10 00 49 00	1026.09	
2025 02 10 00 50 00	1026.10	
2025 02 10 00 51 00	1026.09	
2025 02 10 00 52 00	1026.07	
2025 02 10 00 53 00	1026.09	
2025 02 10 00 54 00	1026.07	
2025 02 10 00 55 00	1026.07	
2025 02 10 00 56 00	1026.06	
2025 02 10 00 57 00	1026.04	
2025 02 10 00 58 00	1026.04	
2025 02 10 00 59 00	1026.02	
2025 02 10 01 00 00	1026.00	
2025 02 10 01 01 00	1025.98	
2025 02 10 01 02 00	1025.96	
2025 02 10 01 03 00	1025.97	
2025 02 10 01 04 00	1025.95	
2025 02 10 01 05 00	1025.95	
2025 02 10 01 06 00	1025.95	
2025 02 10 01 07 00	1025.92	
2025 02 10 01 08 00	1025.90	
2025 02 10 01 09 00	1025.90	
2025 02 10 01 10 00	1025.87	
2025 02 10 01 11 00	1025.86	
2025 02 10 01 12 00	1025.85	
2025 02 10 01 13 00	1025.82	
2025 02 10 01 14 00	1025.83	
2025 02 10 01 15 00	1025.81	
2025 02 10 01 16 00	1025.82	
2025 02 10 01 17 00	1025.82	
2025 02 10 01 18 00	1025.81	
2025 02 10 01 19 00	1025.79	
2025 02 10 01 20 00	1025.79	
2025 02 10 01 21 00	1025.77	
2025 02 10 01 22 00	1025.77	
2025 02 10 01 23 00	1025.76	
2025 02 10 01 24 00	1025.74	
2025 02 10 01 25 00	1025.76	
2025 02 10 01 26 00	1025.73	
2025 02 10 01 27 00	1025.72	
2025 02 10 01 28 00	1025.71	
2025 02 10 01 29 00	1025.70	
2025 02 10 01 30 00	1025.69	
2025 02 10 01 31 00	1025.69	
2025 02 10 01 32 00	1025.67	
2025 02 10 01 33 00	1025.68	
2025 02 10 01 34 00	1025.66	
2025 02 10 01 35 00	1025.65	
2025 02 10 01 36 00	1025.64	
2025 02 10 01 37 00	1025.64	
2025 02 10 01 38 00	1025.63	
2025 02 10 01 39 00	1025.62	
2025 02 10 01 40 00	1025.63	
2025 02 10 01 41 00	1025.63	
2025 02 10 01 42 00	1025.62	
2025 02 10 01 43 00	1025.60	
2025 02 10 01 44 00	1025.60	
2025 02 10 01 45 00	1025.60	
2025 02 10 01 46 00	1025.60	
2025 02 10 01 47 00	1025.59	
2025 02 10 01 48 00	1025.58	
2025 02 10 01 49 00	1025.58	
2025 02 10 01 50 00	1025.58	
2025 02 10 01 51 00	1025.57	
2025 02 10 01 52 00	1025.59	
2025 02 10 01 53 00	1025.57	
2025 02 10 01 54 00	1025.57	
2025 02 10 01 55 00	1025.57	
2025 02 10 01 56 00	1025.56	
2025 02 10 01 57 00	1025.55	
2025 02 10 01 58 00	1025.52	
2025 02 10 01 59 00	1025.51	
2025 02 10 02 00 00	1025.53	
2025 02 10 02 01 00	1025.54	
2025 02 10 02 02 00	1025.55	
2025 02 10 02 03 00	1025.53	
2025 02 10 02 04 00	1025.54	
2025 02 10 02 05 00	1025.56	
2025 02 10 02 06 00	1025.53	
2025 02 10 02 07 00	1025.53	
2025 02 10 02 08 00	1025.52	
2025 02 10 02 09 00	1025.53	
2025 02 10 02 10 00	1025.51	
2025 02 10 02 11 00	1025.52	
2025 02 10 02 12 00	1025.53	
2025 02 10 02 13 00	1025.52	
2025 02 10 02 14 00	1025.53	
2025 02 10 02 15 00	1025.55	
2025 02 10 02 16 00	1025.53	
2025 02 10 02 17 00	1025.54	
2025 02 10 02 18 00	1025.54	
2025 02 10 02 19 00	1025.54	
2025 02 10 02 20 00	1025.55	
2025 02 10 02 21 00	1025.54	
2025 02 10 02 22 00	1025.54	
2025 02 10 02 23 00	1025.54	
2025 02 10 02 24 00	1025.53	
2025 02 10 02 25 00	1025.52	
2025 02 10 02 26 00	1025.52	
2025 02 10 02 27 00	1025.51	
2025 02 10 02 28 00	1025.51	
2025 02 10 02 29 00	1025.50	
2025 02 10 02 30 00	1025.51	
2025 02 10 02 31 00	1025.50	
2025 02 10 02 32 00	1025.50	
2025 02 10 02 33 00	1025.51	
2025 02 10 02 34 00	1025.52	
2025 02 10 02 35 00	1025.53	
2025 02 10 02 36 00	1025.53	
2025 02 10 02 37 00	1025.54	
2025 02 10 02 38 00	1025.54	
2025 02 10 02 39 00	1025.53	
2025 02 10 02 40 00	1025.53	
2025 02 10 02 41 00	1025.55	
2025 02 10 02 42 00	1025.54	
2025 02 10 02 43 00	1025.54	
2025 02 10 02 44 00	1025.55	
2025 02 10 02 45 00	1025.54	
2025 02 10 02 46 00	1025.54	
2025 02 10 02 47 00	1025.56	
2025 02 10 02 48 00	1025.57	
2025 02 10 02 49 00	1025.58	
2025 02 10 02 50 00	1025.57	
2025 02 10 02 51 00	1025.58	
2025 02 10 02 52 00	1025.58	
2025 02 10 02 53 00	1025.57	
2025 02 10 02 54 00	1025.57	
2025 02 10 02 55 00	1025.58	
2025 02 10 02 56 00	1025.59	
2025 02 10 02 57 00	1025.58	
2025 02 10 02 58 00	1025.59	
2025 02 10 02 59 00	1025.58	
2025 02 10 03 00 00	1025.58	
2025 02 10 03 01 00	1025.57	
2025 02 10 03 02 00	1025.56	
2025 02 10 03 03 00	1025.54	
2025 02 10 03 04 00	1025.53	
2025 02 10 03 05 00	1025.52	
2025 02 10 03 06 00	1025.49	
2025 02 10 03 07 00	1025.47	
2025 02 10 03 08 00	1025.47	
2025 02 10 03 09 00	1025.45	
2025 02 10 03 10 00	1025.46	
2025 02 10 03 11 00	1025.47	
2025 02 10 03 12 00	1025.48	
2025 02 10 03 13 00	1025.46	
2025 02 10 03 14 00	1025.48	
2025 02 10 03 15 00	1025.45	
2025 02 10 03 16 00	1025.45	
2025 02 10 03 17 00	1025.44	
2025 02 10 03 18 00	1025.43	
2025 02 10 03 19 00	1025.45	
2025 02 10 03 20 00	1025.44	
2025 02 10 03 21 00	1025.43	
2025 02 10 03 22 00	1025.44	
2025 02 10 03 23 00	1025.42	
2025 02 10 03 24 00	1025.42	
2025 02 10 03 25 00	1025.41	
2025 02 10 03 26 00	1025.40	
2025 02 10 03 27 00	1025.40	
2025 02 10 03 28 00	1025.40	
2025 02 10 03 29 00	1025.40	
2025 02 10 03 30 00	1025.40	
2025 02 10 03 31 00	1025.39	
2025 02 10 03 32 00	1025.37	
2025 02 10 03 33 00	1025.37	
2025 02 10 03 34 00	1025.37	
2025 02 10 03 35 00	1025.36	
2025 02 10 03 36 00	1025.36	
2025 02 10 03 37 00	1025.35	
2025 02 10 03 38 00	1025.33	
2025 02 10 03 39 00	1025.33	
2025 02 10 03 40 00	1025.34	
2025 02 10 03 41 00	1025.31	
2025 02 10 03 42 00	1025.31	
2025 02 10 03 43 00	1025.30	
2025 02 10 03 44 00	1025.29	
2025 02 10 03 45 00	1025.29	
2025 02 10 03 46 00	1025.29	
2025 02 10 03 47 00	1025.29	
2025 02 10 03 48 00	1025.29	
2025 02 10 03 49 00	1025.30	
2025 02 10 03 50 00	1025.32	
2025 02 10 03 51 00	1025.34	
2025 02 10 03 52 00	1025.33	
2025 02 10 03 53 00	1025.32	
2025 02 10 03 54 00	1025.32	
2025 02 10 03 55 00	1025.31	
2025 02 10 03 56 00	1025.33	
2025 02 10 03 57 00	1025.28	
2025 02 10 03 58 00	1025.28	
2025 02 10 03 59 00	1025.28	
2025 02 10 04 00 00	1025.27	
2025 02 10 04 01 00	1025.26	
2025 02 10 04 02 00	1025.25	
2025 02 10 04 03 00	1025.24	
2025 02 10 04 04 00	1025.22	
2025 02 10 04 05 00	1025.22	
2025 02 10 04 06 00	1025.20	
2025 02 10 04 07 00	1025.20	
2025 02 10 04 08 00	1025.19	
2025 02 10 04 09 00	1025.19	
2025 02 10 04 10 00	1025.18	
2025 02 10 04 11 00	1025.19	
2025 02 10 04 12 00	1025.19	
2025 02 10 04 13 00	1025.19	
2025 02 10 04 14 00	1025.19	
2025 02 10 04 15 00	1025.20	
2025 02 10 04 16 00	1025.21	
2025 02 10 04 17 00	1025.21	
2025 02 10 04 18 00	1025.21	
2025 02 10 04 19 00	1025.23	
2025 02 10 04 20 00	1025.23	
2025 02 10 04 21 00	1025.23	
2025 02 10 04 22 00	1025.23	
2025 02 10 04 23 00	1025.25	
2025 02 10 04 24 00	1025.26	
2025 02 10 04 25 00	1025.24	
2025 02 10 04 26 00	1025.25	
2025 02 10 04 27 00	1025.23	
2025 02 10 04 28 00	1025.24	
2025 02 10 04 29 00	1025.24	
2025 02 10 04 30 00	1025.20	
2025 02 10 04 31 00	1025.21	
2025 02 10 04 32 00	1025.21	
2025 02 10 04 33 00	1025.23	
2025 02 10 04 34 00	1025.24	
2025 02 10 04 35 00	1025.23	
2025 02 10 04 36 00	1025.23	
2025 02 10 04 37 00	1025.24	
2025 02 10 04 38 00	1025.23	
2025 02 10 04 39 00	1025.24	
2025 02 10 04 40 00	1025.20	
2025 02 10 04 41 00	1025.21	
2025 02 10 04 42 00	1025.20	
2025 02 10 04 43 00	1025.18	
2025 02 10 04 44 00	1025.18	
2025 02 10 04 45 00	1025.19	
2025 02 10 04 46 00	1025.18	
2025 02 10 04 47 00	1025.17	
2025 02 10 04 48 00	1025.17	
2025 02 10 04 49 00	1025.18	
2025 02 10 04 50 00	1025.18	
2025 02 10 04 51 00	1025.17	
2025 02 10 04 52 00	1025.15	
2025 02 10 04 53 00	1025.15	
2025 02 10 04 54 00	1025.14	
2025 02 10 04 55 00	1025.13	
2025 02 10 04 56 00	1025.13	
2025 02 10 04 57 00	1025.14	
2025 02 10 04 58 00	1025.14	
2025 02 10 04 59 00	1025.17	
2025 02 10 05 00 00	1025.17	
2025 02 10 05 01 00	1025.15	
2025 02 10 05 02 00	1025.17	
2025 02 10 05 03 00	1025.17	
2025 02 10 05 04 00	1025.18	
2025 02 10 05 05 00	1025.20	
2025 02 10 05 06 00	1025.23	
2025 02 10 05 07 00	1025.21	
2025 02 10 05 08 00	1025.21	
2025 02 10 05 09 00	1025.20	
2025 02 10 05 10 00	1025.19	
2025 02 10 05 11 00	1025.18	
2025 02 10 05 12 00	1025.18	
2025 02 10 05 13 00	1025.17	
2025 02 10 05 14 00	1025.17	
2025 02 10 05 15 00	1025.15	
2025 02 10 05 16 00	1025.16	
2025 02 10 05 17 00	1025.14	
2025 02 10 05 18 00	1025.14	
2025 02 10 05 19 00	1025.13	
2025 02 10 05 20 00	1025.13	
2025 02 10 05 21 00	1025.13	
2025 02 10 05 22 00	1025.14	
2025 02 10 05 23 00	1025.14	
2025 02 10 05 24 00	1025.15	
2025 02 10 05 25 00	1025.16	
2025 02 10 05 26 00	1025.18	
2025 02 10 05 27 00	1025.16	
2025 02 10 05 28 00	1025.18	
2025 02 10 05 29 00	1025.17	
2025 02 10 05 30 00	1025.18	
2025 02 10 05 31 00	1025.18	
2025 02 10 05 32 00	1025.17	
2025 02 10 05 33 00	1025.19	
2025 02 10 05 34 00	1025.19	
2025 02 10 05 35 00	1025.20	
2025 02 10 05 36 00	1025.21	
2025 02 10 05 37 00	1025.22	
2025 02 10 05 38 00	1025.23	
2025 02 10 05 39 00	1025.24	
2025 02 10 05 40 00	1025.25	
2025 02 10 05 41 00	1025.26	
2025 02 10 05 42 00	1025.27	
2025 02 10 05 43 00	1025.28	
2025 02 10 05 44 00	1025.28	
2025 02 10 05 45 00	1025.29	
2025 02 10 05 46 00	1025.30	
2025 02 10 05 47 00	1025.29	
2025 02 10 05 48 00	1025.28	
2025 02 10 05 49 00	1025.31	
2025 02 10 05 50 00	1025.30	
2025 02 10 05 51 00	1025.32	
2025 02 10 05 52 00	1025.34	
2025 02 10 05 53 00	1025.35	
2025 02 10 05 54 00	1025.35	
2025 02 10 05 55 00	1025.34	
2025 02 10 05 56 00	1025.33	
2025 02 10 05 57 00	1025.35	
2025 02 10 05 58 00	1025.35	
2025 02 10 05 59 00	1025.36	
2025 02 10 06 00 00	1025.36	
2025 02 10 06 01 00	1025.36	
2025 02 10 06 02 00	1025.36	
2025 02 10 06 03 00	1025.36	
2025 02 10 06 04 00	1025.37	
2025 02 10 06 05 00	1025.36	
2025 02 10 06 06 00	1025.38	
2025 02 10 06 07 00	1025.38	
2025 02 10 06 08 00	1025.39	
2025 02 10 06 09 00	1025.40	
2025 02 10 06 10 00	1025.40	
2025 02 10 06 11 00	1025.41	
2025 02 10 06 12 00	1025.43	
2025 02 10 06 13 00	1025.42	
2025 02 10 06 14 00	1025.42	
2025 02 10 06 15 00	1025.44	
2025 02 10 06 16 00	1025.42	
2025 02 10 06 17 00	1025.43	
2025 02 10 06 18 00	1025.44	
2025 02 10 06 19 00	1025.44	
2025 02 10 06 20 00	1025.46	
2025 02 10 06 21 00	1025.47	
2025 02 10 06 22 00	1025.47	
2025 02 10 06 23 00	1025.49	
2025 02 10 06 24 00	1025.52	
2025 02 10 06 25 00	1025.53	
2025 02 10 06 26 00	1025.56	
2025 02 10 06 27 00	1025.59	
2025 02 10 06 28 00	1025.58	
2025 02 10 06 29 00	1025.59	
2025 02 10 06 30 00	1025.61	
2025 02 10 06 31 00	1025.61	
2025 02 10 06 32 00	1025.59	
2025 02 10 06 33 00	1025.60	
2025 02 10 06 34 00	1025.60	
2025 02 10 06 35 00	1025.59	
2025 02 10 06 36 00	1025.60	
2025 02 10 06 37 00	1025.59	
2025 02 10 06 38 00	1025.60	
2025 02 10 06 39 00	1025.60	
2025 02 10 06 40 00	1025.61	
2025 02 10 06 41 00	1025.60	
2025 02 10 06 42 00	1025.61	
2025 02 10 06 43 00	1025.62	
2025 02 10 06 44 00	1025.62	
2025 02 10 06 45 00	1025.61	
2025 02 10 06 46 00	1025.61	
2025 02 10 06 47 00	1025.62	
2025 02 10 06 48 00	1025.62	
2025 02 10 06 49 00	1025.62	
2025 02 10 06 50 00	1025.61	
2025 02 10 06 51 00	1025.59	
2025 02 10 06 52 00	1025.61	
2025 02 10 06 53 00	1025.60	
2025 02 10 06 54 00	1025.60	
2025 02 10 06 55 00	1025.60	
2025 02 10 06 56 00	1025.60	
2025 02 10 06 57 00	1025.58	
2025 02 10 06 58 00	1025.56	
2025 02 10 06 59 00	1025.54	
2025 02 10 07 00 00	1025.53	
