2025 01 03 20 01 00	1019.38
2025 01 03 20 02 00	1019.41
2025 01 03 20 03 00	1019.42
2025 01 03 20 04 00	1019.43
2025 01 03 20 05 00	1019.44
2025 01 03 20 06 00	1019.46
2025 01 03 20 07 00	1019.46
2025 01 03 20 08 00	1019.46
2025 01 03 20 09 00	1019.47
2025 01 03 20 10 00	1019.48
2025 01 03 20 11 00	1019.50
2025 01 03 20 12 00	1019.49
2025 01 03 20 13 00	1019.49
2025 01 03 20 14 00	1019.49
2025 01 03 20 15 00	1019.50
2025 01 03 20 16 00	1019.48
2025 01 03 20 17 00	1019.46
2025 01 03 20 18 00	1019.46
2025 01 03 20 19 00	1019.43
2025 01 03 20 20 00	1019.42
2025 01 03 20 21 00	1019.41
2025 01 03 20 22 00	1019.41
2025 01 03 20 23 00	1019.43
2025 01 03 20 24 00	1019.44
2025 01 03 20 25 00	1019.44
2025 01 03 20 26 00	1019.43
2025 01 03 20 27 00	1019.43
2025 01 03 20 28 00	1019.45
2025 01 03 20 29 00	1019.46
2025 01 03 20 30 00	1019.49
2025 01 03 21 31 00	1019.95	
2025 01 03 21 32 00	1019.96
2025 01 03 21 33 00	1019.98	
2025 01 03 21 34 00	1019.97	
2025 01 03 21 35 00	1019.98	
2025 01 03 21 36 00	1019.98	
2025 01 03 21 37 00	1019.95	
2025 01 03 21 38 00	1019.95	
2025 01 03 21 39 00	1019.93	
2025 01 03 21 40 00	1019.94	
2025 01 03 21 41 00	1019.92	
2025 01 03 21 42 00	1019.91	
2025 01 03 21 43 00	1019.88	
2025 01 03 21 44 00	1019.85	
2025 01 03 21 45 00	1019.80	
2025 01 03 21 46 00	1019.79	
2025 01 03 21 47 00	1019.79	
2025 01 03 21 48 00	1019.78	
2025 01 03 21 49 00	1019.77	
2025 01 03 21 50 00	1019.80	
2025 01 03 21 51 00	1019.82	
2025 01 03 21 52 00	1019.84
2025 01 03 21 53 00	1019.84
2025 01 03 21 54 00	1019.83
2025 01 03 21 55 00	1019.83	
2025 01 03 21 56 00	1019.81	
2025 01 03 21 57 00	1019.79	
2025 01 03 21 58 00	1019.80	
2025 01 03 21 59 00	1019.78	
2025 01 03 22 00 00	1019.79	
2025 01 03 22 01 00	1019.76	
2025 01 03 22 02 00	1019.75	
2025 01 03 22 03 00	1019.75
2025 01 03 22 04 00	1019.75
2025 01 03 22 05 00	1019.78
2025 01 03 22 06 00	1019.80	
2025 01 03 22 07 00	1019.79
2025 01 03 22 08 00	1019.79	
2025 01 03 22 09 00	1019.80	
2025 01 03 22 10 00	1019.83	
2025 01 03 22 11 00	1019.82	
2025 01 03 22 12 00	1019.81	
2025 01 03 22 13 00	1019.83	
2025 01 03 22 14 00	1019.86	
2025 01 03 22 15 00	1019.84	
2025 01 03 22 16 00	1019.84	
2025 01 03 22 17 00	1019.84	
2025 01 03 22 18 00	1019.79	
2025 01 03 22 19 00	1019.77	
2025 01 03 22 20 00	1019.74	
2025 01 03 22 21 00	1019.76	
2025 01 03 22 22 00	1019.75	
2025 01 03 22 23 00	1019.77	
2025 01 03 22 24 00	1019.76	
2025 01 03 22 25 00	1019.77	
2025 01 03 22 26 00	1019.79	
2025 01 03 22 27 00	1019.80	
2025 01 03 22 28 00	1019.81	
2025 01 03 22 29 00	1019.82	
2025 01 03 22 30 00	1019.82	
2025 01 03 22 31 00	1019.83	
2025 01 03 22 32 00	1019.84	
2025 01 03 22 33 00	1019.86	
2025 01 03 22 34 00	1019.84	
2025 01 03 22 35 00	1019.86	
2025 01 03 22 36 00	1019.85	
2025 01 03 22 37 00	1019.85	
2025 01 03 22 38 00	1019.86	
2025 01 03 22 39 00	1019.85	
2025 01 03 22 40 00	1019.84	
2025 01 03 22 41 00	1019.84	
2025 01 03 22 42 00	1019.79	
2025 01 03 22 43 00	1019.80	
2025 01 03 22 44 00	1019.80	
2025 01 03 22 45 00	1019.81	
2025 01 03 22 46 00	1019.80	
2025 01 03 22 47 00	1019.83	
2025 01 03 22 48 00	1019.84	
2025 01 03 22 49 00	1019.88	
2025 01 03 22 50 00	1019.87	
2025 01 03 22 51 00	1019.85	
2025 01 03 22 52 00	1019.84	
2025 01 03 22 53 00	1019.81	
2025 01 03 22 54 00	1019.79	
2025 01 03 22 55 00	1019.79	
2025 01 03 22 56 00	1019.79	
2025 01 03 22 57 00	1019.79
2025 01 03 22 58 00	1019.81
2025 01 03 22 59 00	1019.80
2025 01 03 23 00 00	1019.82
2025 01 03 23 01 00	1019.84
2025 01 03 23 02 00	1019.82
2025 01 03 23 03 00	1019.82
2025 01 03 23 04 00	1019.84
2025 01 03 23 05 00	1019.83
2025 01 03 23 06 00	1019.82
2025 01 03 23 07 00	1019.82
2025 01 03 23 08 00	1019.81
2025 01 03 23 09 00	1019.82
2025 01 03 23 10 00	1019.83
2025 01 03 23 11 00	1019.87
2025 01 03 23 12 00	1019.86
2025 01 03 23 13 00	1019.88
2025 01 03 23 14 00	1019.88
2025 01 03 23 15 00	1019.86
2025 01 03 23 16 00	1019.84
2025 01 03 23 17 00	1019.85
2025 01 03 23 18 00	1019.84
2025 01 03 23 19 00	1019.81
2025 01 03 23 20 00	1019.82
2025 01 03 23 21 00	1019.84
2025 01 03 23 22 00	1019.86
2025 01 03 23 23 00	1019.85
2025 01 03 23 24 00	1019.85
2025 01 03 23 25 00	1019.84
2025 01 03 23 26 00	1019.85
2025 01 03 23 27 00	1019.86
2025 01 03 23 28 00	1019.87
2025 01 03 23 29 00	1019.90
2025 01 03 23 30 00	1019.91
2025 01 03 23 31 00	1019.94
2025 01 03 23 32 00	1019.97
2025 01 03 23 33 00	1019.98
2025 01 03 23 34 00	1019.99
2025 01 03 23 35 00	1020.01
2025 01 03 23 36 00	1020.03
2025 01 03 23 37 00	1020.02
2025 01 03 23 38 00	1020.03
2025 01 03 23 39 00	1020.04
2025 01 03 23 40 00	1020.04
2025 01 03 23 41 00	1020.04
2025 01 03 23 42 00	1020.06
2025 01 03 23 43 00	1020.07
2025 01 03 23 44 00	1020.07
2025 01 03 23 45 00	1020.08
2025 01 03 23 46 00	1020.08
2025 01 03 23 47 00	1020.08
2025 01 03 23 48 00	1020.07
2025 01 03 23 49 00	1020.08
2025 01 03 23 50 00	1020.08
2025 01 03 23 51 00	1020.09
2025 01 03 23 52 00	1020.11
2025 01 03 23 53 00	1020.04
2025 01 03 23 54 00	1020.02
2025 01 03 23 55 00	1019.98
2025 01 03 23 56 00	1019.98
2025 01 03 23 57 00	1019.99
2025 01 03 23 58 00	1020.00
2025 01 03 23 59 00	1020.02